#pulser generator data
#(shaping time) (number of data points) (step size) (rising tb threshold number) (default ndf)
464 4943 0.1 18 100
#(value) (rms) (total weight) # 130 is ndf
0.00294286 0 1
0.00325493 0 1
0.00358576 0 1
0.00393563 0 1
0.00430481 0 1
0.00469355 0 1
0.00510209 0 1
0.00553066 0 1
0.00597948 0 1
0.00644875 0 1
0.00693866 0 1
0.00744938 0 1
0.0079811 0 1
0.00853396 0 1
0.00910813 0 1
0.00970372 0 1
0.0103209 0 1
0.0109597 0 1
0.0116204 0 1
0.0123029 0 1
0.0130075 0 1
0.0137341 0 1
0.0144829 0 1
0.0152539 0 1
0.0160472 0 1
0.0168628 0 1
0.0177008 0 1
0.0185613 0 1
0.0194443 0 1
0.0203497 0 1
0.0212777 0 1
0.0222282 0 1
0.0232013 0 1
0.0241969 0 1
0.025215 0 1
0.0262558 0 1
0.027319 0 1
0.0284048 0 1
0.0295131 0 1
0.0306438 0 1
0.031797 0 1
0.0329726 0 1
0.0341705 0 1
0.0353907 0 1
0.0366333 0 1
0.037898 0 1
0.0391849 0 1
0.0404939 0 1
0.0418249 0 1
0.0431778 0 1
0.0445527 0 1
0.0459493 0 1
0.0473677 0 1
0.0488077 0 1
0.0502693 0 1
0.0517524 0 1
0.0532568 0 1
0.0547825 0 1
0.0563295 0 1
0.0578974 0 1
0.0594864 0 1
0.0610962 0 1
0.0627268 0 1
0.0643781 0 1
0.0660498 0 1
0.067742 0 1
0.0694546 0 1
0.0711872 0 1
0.07294 0 1
0.0747126 0 1
0.0765051 0 1
0.0783173 0 1
0.080149 0 1
0.0820001 0 1
0.0838705 0 1
0.08576 0 1
0.0876685 0 1
0.0895959 0 1
0.0915421 0 1
0.0935068 0 1
0.0954899 0 1
0.0974913 0 1
0.0995109 0 1
0.101548 0 1
0.103604 0 1
0.105677 0 1
0.107768 0 1
0.109876 0 1
0.112001 0 1
0.114143 0 1
0.116303 0 1
0.118479 0 1
0.120671 0 1
0.12288 0 1
0.125106 0 1
0.127347 0 1
0.129605 0 1
0.131878 0 1
0.134167 0 1
0.136472 0 1
0.138792 0 1
0.141127 0 1
0.143477 0 1
0.145841 0 1
0.148221 0 1
0.150615 0 1
0.153023 0 1
0.155445 0 1
0.157882 0 1
0.160332 0 1
0.162796 0 1
0.165274 0 1
0.167764 0 1
0.170268 0 1
0.172785 0 1
0.175315 0 1
0.177857 0 1
0.180412 0 1
0.18298 0 1
0.185559 0 1
0.18815 0 1
0.190753 0 1
0.193368 0 1
0.195994 0 1
0.198632 0 1
0.201281 0 1
0.20394 0 1
0.206611 0 1
0.209292 0 1
0.211983 0 1
0.214685 0 1
0.217397 0 1
0.220119 0 1
0.222851 0 1
0.225592 0 1
0.228343 0 1
0.231103 0 1
0.233872 0 1
0.23665 0 1
0.239437 0 1
0.242233 0 1
0.245037 0 1
0.247849 0 1
0.250669 0 1
0.253498 0 1
0.256334 0 1
0.259178 0 1
0.262029 0 1
0.264888 0 1
0.267754 0 1
0.270626 0 1
0.273506 0 1
0.276392 0 1
0.279285 0 1
0.282184 0 1
0.285089 0 1
0.288001 0 1
0.290918 0 1
0.293841 0 1
0.296769 0 1
0.299703 0 1
0.302642 0 1
0.305586 0 1
0.308536 0 1
0.311489 0 1
0.314448 0 1
0.317411 0 1
0.320378 0 1
0.32335 0 1
0.326326 0 1
0.329305 0 1
0.332288 0 1
0.335275 0 1
0.338265 0 1
0.341259 0 1
0.344255 0 1
0.347255 0 1
0.350257 0 1
0.353263 0 1
0.35627 0 1
0.35928 0 1
0.362293 0 1
0.365307 0 1
0.368324 0 1
0.371342 0 1
0.374362 0 1
0.377384 0 1
0.380407 0 1
0.383431 0 1
0.386457 0 1
0.389484 0 1
0.392511 0 1
0.395539 0 1
0.398568 0 1
0.401598 0 1
0.404627 0 1
0.407657 0 1
0.410687 0 1
0.413717 0 1
0.416747 0 1
0.419777 0 1
0.422806 0 1
0.425835 0 1
0.428863 0 1
0.43189 0 1
0.434916 0 1
0.437941 0 1
0.440965 0 1
0.443988 0 1
0.44701 0 1
0.45003 0 1
0.453048 0 1
0.456064 0 1
0.459079 0 1
0.462092 0 1
0.465102 0 1
0.468111 0 1
0.471117 0 1
0.47412 0 1
0.477121 0 1
0.48012 0 1
0.483115 0 1
0.486108 0 1
0.489097 0 1
0.492084 0 1
0.495067 0 1
0.498047 0 1
0.501024 0 1
0.503997 0 1
0.506967 0 1
0.509932 0 1
0.512894 0 1
0.515852 0 1
0.518806 0 1
0.521756 0 1
0.524701 0 1
0.527643 0 1
0.530579 0 1
0.533512 0 1
0.536439 0 1
0.539362 0 1
0.54228 0 1
0.545193 0 1
0.548102 0 1
0.551005 0 1
0.553903 0 1
0.556795 0 1
0.559682 0 1
0.562564 0 1
0.56544 0 1
0.568311 0 1
0.571176 0 1
0.574035 0 1
0.576888 0 1
0.579736 0 1
0.582577 0 1
0.585412 0 1
0.588241 0 1
0.591063 0 1
0.59388 0 1
0.596689 0 1
0.599493 0 1
0.602289 0 1
0.605079 0 1
0.607862 0 1
0.610639 0 1
0.613408 0 1
0.61617 0 1
0.618926 0 1
0.621674 0 1
0.624415 0 1
0.627149 0 1
0.629875 0 1
0.632594 0 1
0.635306 0 1
0.63801 0 1
0.640706 0 1
0.643395 0 1
0.646076 0 1
0.648749 0 1
0.651414 0 1
0.654072 0 1
0.656721 0 1
0.659362 0 1
0.661996 0 1
0.664621 0 1
0.667237 0 1
0.669846 0 1
0.672446 0 1
0.675038 0 1
0.677621 0 1
0.680196 0 1
0.682762 0 1
0.685319 0 1
0.687868 0 1
0.690408 0 1
0.692939 0 1
0.695462 0 1
0.697975 0 1
0.70048 0 1
0.702975 0 1
0.705462 0 1
0.707939 0 1
0.710407 0 1
0.712866 0 1
0.715316 0 1
0.717757 0 1
0.720188 0 1
0.72261 0 1
0.725022 0 1
0.727425 0 1
0.729819 0 1
0.732203 0 1
0.734577 0 1
0.736942 0 1
0.739297 0 1
0.741642 0 1
0.743978 0 1
0.746304 0 1
0.74862 0 1
0.750926 0 1
0.753222 0 1
0.755508 0 1
0.757785 0 1
0.760051 0 1
0.762307 0 1
0.764554 0 1
0.76679 0 1
0.769016 0 1
0.771232 0 1
0.773438 0 1
0.775633 0 1
0.777818 0 1
0.779993 0 1
0.782158 0 1
0.784312 0 1
0.786456 0 1
0.78859 0 1
0.790713 0 1
0.792825 0 1
0.794928 0 1
0.797019 0 1
0.799101 0 1
0.801171 0 1
0.803231 0 1
0.805281 0 1
0.80732 0 1
0.809348 0 1
0.811366 0 1
0.813373 0 1
0.815369 0 1
0.817354 0 1
0.819329 0 1
0.821293 0 1
0.823246 0 1
0.825189 0 1
0.827121 0 1
0.829042 0 1
0.830952 0 1
0.832851 0 1
0.834739 0 1
0.836617 0 1
0.838483 0 1
0.840339 0 1
0.842184 0 1
0.844018 0 1
0.84584 0 1
0.847652 0 1
0.849453 0 1
0.851243 0 1
0.853022 0 1
0.85479 0 1
0.856547 0 1
0.858293 0 1
0.860028 0 1
0.861752 0 1
0.863465 0 1
0.865167 0 1
0.866858 0 1
0.868538 0 1
0.870206 0 1
0.871864 0 1
0.873511 0 1
0.875146 0 1
0.87677 0 1
0.878384 0 1
0.879986 0 1
0.881577 0 1
0.883157 0 1
0.884726 0 1
0.886284 0 1
0.88783 0 1
0.889366 0 1
0.890891 0 1
0.892404 0 1
0.893906 0 1
0.895397 0 1
0.896878 0 1
0.898347 0 1
0.899804 0 1
0.901251 0 1
0.902687 0 1
0.904111 0 1
0.905525 0 1
0.906927 0 1
0.908319 0 1
0.909699 0 1
0.911068 0 1
0.912426 0 1
0.913773 0 1
0.915109 0 1
0.916434 0 1
0.917748 0 1
0.919051 0 1
0.920343 0 1
0.921624 0 1
0.922894 0 1
0.924152 0 1
0.9254 0 1
0.926637 0 1
0.927863 0 1
0.929077 0 1
0.930281 0 1
0.931474 0 1
0.932656 0 1
0.933827 0 1
0.934987 0 1
0.936136 0 1
0.937274 0 1
0.938402 0 1
0.939518 0 1
0.940624 0 1
0.941718 0 1
0.942802 0 1
0.943875 0 1
0.944937 0 1
0.945989 0 1
0.947029 0 1
0.948059 0 1
0.949078 0 1
0.950087 0 1
0.951084 0 1
0.952071 0 1
0.953047 0 1
0.954012 0 1
0.954967 0 1
0.955911 0 1
0.956845 0 1
0.957767 0 1
0.958679 0 1
0.959581 0 1
0.960472 0 1
0.961352 0 1
0.962222 0 1
0.963082 0 1
0.96393 0 1
0.964769 0 1
0.965596 0 1
0.966414 0 1
0.967221 0 1
0.968017 0 1
0.968803 0 1
0.969579 0 1
0.970344 0 1
0.971099 0 1
0.971844 0 1
0.972578 0 1
0.973302 0 1
0.974016 0 1
0.97472 0 1
0.975413 0 1
0.976096 0 1
0.976769 0 1
0.977432 0 1
0.978085 0 1
0.978727 0 1
0.979359 0 1
0.979982 0 1
0.980594 0 1
0.981196 0 1
0.981789 0 1
0.982371 0 1
0.982943 0 1
0.983505 0 1
0.984058 0 1
0.9846 0 1
0.985133 0 1
0.985656 0 1
0.986169 0 1
0.986672 0 1
0.987165 0 1
0.987649 0 1
0.988123 0 1
0.988587 0 1
0.989042 0 1
0.989487 0 1
0.989922 0 1
0.990348 0 1
0.990764 0 1
0.99117 0 1
0.991567 0 1
0.991955 0 1
0.992333 0 1
0.992701 0 1
0.99306 0 1
0.99341 0 1
0.99375 0 1
0.994081 0 1
0.994403 0 1
0.994715 0 1
0.995018 0 1
0.995312 0 1
0.995597 0 1
0.995872 0 1
0.996138 0 1
0.996395 0 1
0.996643 0 1
0.996882 0 1
0.997112 0 1
0.997333 0 1
0.997545 0 1
0.997748 0 1
0.997942 0 1
0.998127 0 1
0.998303 0 1
0.99847 0 1
0.998628 0 1
0.998778 0 1
0.998919 0 1
0.999051 0 1
0.999174 0 1
0.999288 0 1
0.999394 0 1
0.999492 0 1
0.99958 0 1
0.999661 0 1
0.999732 0 1
0.999795 0 1
0.99985 0 1
0.999896 0 1
0.999933 0 1
0.999963 0 1
0.999983 0 1
0.999996 0 1
1 0 1
0.999996 0 1
0.999983 0 1
0.999963 0 1
0.999934 0 1
0.999897 0 1
0.999852 0 1
0.999798 0 1
0.999737 0 1
0.999668 0 1
0.99959 0 1
0.999505 0 1
0.999411 0 1
0.99931 0 1
0.999201 0 1
0.999083 0 1
0.998958 0 1
0.998825 0 1
0.998685 0 1
0.998536 0 1
0.99838 0 1
0.998216 0 1
0.998045 0 1
0.997866 0 1
0.997679 0 1
0.997485 0 1
0.997283 0 1
0.997073 0 1
0.996856 0 1
0.996632 0 1
0.9964 0 1
0.996161 0 1
0.995914 0 1
0.99566 0 1
0.995399 0 1
0.995131 0 1
0.994855 0 1
0.994572 0 1
0.994282 0 1
0.993984 0 1
0.99368 0 1
0.993368 0 1
0.99305 0 1
0.992724 0 1
0.992391 0 1
0.992052 0 1
0.991705 0 1
0.991351 0 1
0.990991 0 1
0.990624 0 1
0.99025 0 1
0.989869 0 1
0.989481 0 1
0.989087 0 1
0.988686 0 1
0.988278 0 1
0.987863 0 1
0.987442 0 1
0.987015 0 1
0.986581 0 1
0.98614 0 1
0.985693 0 1
0.985239 0 1
0.984779 0 1
0.984312 0 1
0.983839 0 1
0.98336 0 1
0.982875 0 1
0.982383 0 1
0.981885 0 1
0.981381 0 1
0.98087 0 1
0.980353 0 1
0.979831 0 1
0.979302 0 1
0.978767 0 1
0.978226 0 1
0.977679 0 1
0.977126 0 1
0.976567 0 1
0.976002 0 1
0.975431 0 1
0.974855 0 1
0.974272 0 1
0.973684 0 1
0.97309 0 1
0.97249 0 1
0.971885 0 1
0.971274 0 1
0.970657 0 1
0.970034 0 1
0.969406 0 1
0.968773 0 1
0.968134 0 1
0.967489 0 1
0.966839 0 1
0.966183 0 1
0.965522 0 1
0.964856 0 1
0.964184 0 1
0.963507 0 1
0.962825 0 1
0.962137 0 1
0.961444 0 1
0.960746 0 1
0.960043 0 1
0.959335 0 1
0.958621 0 1
0.957902 0 1
0.957179 0 1
0.95645 0 1
0.955716 0 1
0.954977 0 1
0.954234 0 1
0.953485 0 1
0.952731 0 1
0.951973 0 1
0.95121 0 1
0.950442 0 1
0.949669 0 1
0.948891 0 1
0.948109 0 1
0.947322 0 1
0.94653 0 1
0.945734 0 1
0.944933 0 1
0.944127 0 1
0.943317 0 1
0.942503 0 1
0.941683 0 1
0.94086 0 1
0.940032 0 1
0.939199 0 1
0.938362 0 1
0.937521 0 1
0.936676 0 1
0.935826 0 1
0.934972 0 1
0.934113 0 1
0.933251 0 1
0.932384 0 1
0.931513 0 1
0.930638 0 1
0.929758 0 1
0.928875 0 1
0.927988 0 1
0.927096 0 1
0.926201 0 1
0.925301 0 1
0.924398 0 1
0.923491 0 1
0.922579 0 1
0.921664 0 1
0.920745 0 1
0.919823 0 1
0.918896 0 1
0.917966 0 1
0.917032 0 1
0.916094 0 1
0.915152 0 1
0.914207 0 1
0.913259 0 1
0.912306 0 1
0.91135 0 1
0.910391 0 1
0.909428 0 1
0.908461 0 1
0.907491 0 1
0.906517 0 1
0.90554 0 1
0.90456 0 1
0.903576 0 1
0.902589 0 1
0.901599 0 1
0.900605 0 1
0.899608 0 1
0.898608 0 1
0.897604 0 1
0.896597 0 1
0.895588 0 1
0.894575 0 1
0.893558 0 1
0.892539 0 1
0.891517 0 1
0.890491 0 1
0.889463 0 1
0.888431 0 1
0.887397 0 1
0.886359 0 1
0.885319 0 1
0.884276 0 1
0.88323 0 1
0.882181 0 1
0.881129 0 1
0.880074 0 1
0.879017 0 1
0.877956 0 1
0.876893 0 1
0.875828 0 1
0.874759 0 1
0.873688 0 1
0.872615 0 1
0.871538 0 1
0.870459 0 1
0.869378 0 1
0.868294 0 1
0.867207 0 1
0.866118 0 1
0.865026 0 1
0.863932 0 1
0.862836 0 1
0.861737 0 1
0.860635 0 1
0.859532 0 1
0.858425 0 1
0.857317 0 1
0.856206 0 1
0.855093 0 1
0.853978 0 1
0.85286 0 1
0.851741 0 1
0.850619 0 1
0.849495 0 1
0.848368 0 1
0.84724 0 1
0.846109 0 1
0.844977 0 1
0.843842 0 1
0.842705 0 1
0.841567 0 1
0.840426 0 1
0.839283 0 1
0.838138 0 1
0.836992 0 1
0.835843 0 1
0.834693 0 1
0.83354 0 1
0.832386 0 1
0.83123 0 1
0.830072 0 1
0.828912 0 1
0.827751 0 1
0.826588 0 1
0.825423 0 1
0.824256 0 1
0.823088 0 1
0.821918 0 1
0.820746 0 1
0.819573 0 1
0.818398 0 1
0.817221 0 1
0.816043 0 1
0.814864 0 1
0.813683 0 1
0.8125 0 1
0.811316 0 1
0.81013 0 1
0.808943 0 1
0.807754 0 1
0.806564 0 1
0.805373 0 1
0.80418 0 1
0.802986 0 1
0.80179 0 1
0.800594 0 1
0.799396 0 1
0.798196 0 1
0.796995 0 1
0.795793 0 1
0.79459 0 1
0.793386 0 1
0.79218 0 1
0.790974 0 1
0.789766 0 1
0.788557 0 1
0.787346 0 1
0.786135 0 1
0.784923 0 1
0.783709 0 1
0.782495 0 1
0.781279 0 1
0.780063 0 1
0.778845 0 1
0.777627 0 1
0.776407 0 1
0.775187 0 1
0.773965 0 1
0.772743 0 1
0.77152 0 1
0.770296 0 1
0.769071 0 1
0.767845 0 1
0.766618 0 1
0.765391 0 1
0.764163 0 1
0.762934 0 1
0.761704 0 1
0.760473 0 1
0.759242 0 1
0.75801 0 1
0.756778 0 1
0.755544 0 1
0.75431 0 1
0.753076 0 1
0.75184 0 1
0.750604 0 1
0.749368 0 1
0.748131 0 1
0.746893 0 1
0.745655 0 1
0.744416 0 1
0.743177 0 1
0.741937 0 1
0.740697 0 1
0.739456 0 1
0.738215 0 1
0.736973 0 1
0.735731 0 1
0.734488 0 1
0.733246 0 1
0.732002 0 1
0.730758 0 1
0.729514 0 1
0.72827 0 1
0.727025 0 1
0.72578 0 1
0.724535 0 1
0.723289 0 1
0.722043 0 1
0.720797 0 1
0.719551 0 1
0.718304 0 1
0.717057 0 1
0.71581 0 1
0.714563 0 1
0.713315 0 1
0.712068 0 1
0.71082 0 1
0.709572 0 1
0.708324 0 1
0.707076 0 1
0.705828 0 1
0.704579 0 1
0.703331 0 1
0.702083 0 1
0.700834 0 1
0.699586 0 1
0.698337 0 1
0.697089 0 1
0.69584 0 1
0.694592 0 1
0.693343 0 1
0.692095 0 1
0.690847 0 1
0.689598 0 1
0.68835 0 1
0.687102 0 1
0.685854 0 1
0.684606 0 1
0.683359 0 1
0.682111 0 1
0.680864 0 1
0.679616 0 1
0.678369 0 1
0.677122 0 1
0.675876 0 1
0.674629 0 1
0.673383 0 1
0.672137 0 1
0.670892 0 1
0.669646 0 1
0.668401 0 1
0.667156 0 1
0.665912 0 1
0.664667 0 1
0.663423 0 1
0.66218 0 1
0.660936 0 1
0.659694 0 1
0.658451 0 1
0.657209 0 1
0.655967 0 1
0.654726 0 1
0.653485 0 1
0.652244 0 1
0.651004 0 1
0.649764 0 1
0.648525 0 1
0.647286 0 1
0.646048 0 1
0.64481 0 1
0.643573 0 1
0.642336 0 1
0.6411 0 1
0.639864 0 1
0.638629 0 1
0.637394 0 1
0.63616 0 1
0.634926 0 1
0.633693 0 1
0.632461 0 1
0.631229 0 1
0.629998 0 1
0.628767 0 1
0.627537 0 1
0.626308 0 1
0.625079 0 1
0.623851 0 1
0.622624 0 1
0.621397 0 1
0.620171 0 1
0.618945 0 1
0.617721 0 1
0.616497 0 1
0.615273 0 1
0.614051 0 1
0.612829 0 1
0.611608 0 1
0.610387 0 1
0.609168 0 1
0.607949 0 1
0.606731 0 1
0.605514 0 1
0.604297 0 1
0.603081 0 1
0.601866 0 1
0.600652 0 1
0.599439 0 1
0.598227 0 1
0.597015 0 1
0.595804 0 1
0.594594 0 1
0.593385 0 1
0.592177 0 1
0.59097 0 1
0.589764 0 1
0.588558 0 1
0.587354 0 1
0.58615 0 1
0.584947 0 1
0.583745 0 1
0.582544 0 1
0.581344 0 1
0.580145 0 1
0.578947 0 1
0.57775 0 1
0.576554 0 1
0.575359 0 1
0.574165 0 1
0.572972 0 1
0.57178 0 1
0.570588 0 1
0.569398 0 1
0.568209 0 1
0.567021 0 1
0.565834 0 1
0.564648 0 1
0.563463 0 1
0.562279 0 1
0.561096 0 1
0.559914 0 1
0.558733 0 1
0.557554 0 1
0.556375 0 1
0.555198 0 1
0.554021 0 1
0.552846 0 1
0.551672 0 1
0.550499 0 1
0.549327 0 1
0.548156 0 1
0.546986 0 1
0.545818 0 1
0.54465 0 1
0.543484 0 1
0.542319 0 1
0.541155 0 1
0.539993 0 1
0.538831 0 1
0.537671 0 1
0.536511 0 1
0.535353 0 1
0.534197 0 1
0.533041 0 1
0.531887 0 1
0.530733 0 1
0.529581 0 1
0.528431 0 1
0.527281 0 1
0.526133 0 1
0.524986 0 1
0.52384 0 1
0.522696 0 1
0.521552 0 1
0.52041 0 1
0.51927 0 1
0.51813 0 1
0.516992 0 1
0.515855 0 1
0.514719 0 1
0.513585 0 1
0.512452 0 1
0.51132 0 1
0.51019 0 1
0.509061 0 1
0.507933 0 1
0.506806 0 1
0.505681 0 1
0.504557 0 1
0.503435 0 1
0.502314 0 1
0.501194 0 1
0.500075 0 1
0.498958 0 1
0.497843 0 1
0.496728 0 1
0.495615 0 1
0.494503 0 1
0.493393 0 1
0.492284 0 1
0.491176 0 1
0.49007 0 1
0.488965 0 1
0.487862 0 1
0.48676 0 1
0.485659 0 1
0.48456 0 1
0.483462 0 1
0.482366 0 1
0.481271 0 1
0.480177 0 1
0.479085 0 1
0.477995 0 1
0.476905 0 1
0.475817 0 1
0.474731 0 1
0.473646 0 1
0.472562 0 1
0.47148 0 1
0.4704 0 1
0.46932 0 1
0.468243 0 1
0.467166 0 1
0.466091 0 1
0.465018 0 1
0.463946 0 1
0.462876 0 1
0.461807 0 1
0.460739 0 1
0.459673 0 1
0.458609 0 1
0.457545 0 1
0.456484 0 1
0.455424 0 1
0.454365 0 1
0.453308 0 1
0.452252 0 1
0.451198 0 1
0.450146 0 1
0.449095 0 1
0.448045 0 1
0.446997 0 1
0.44595 0 1
0.444905 0 1
0.443862 0 1
0.44282 0 1
0.441779 0 1
0.440741 0 1
0.439703 0 1
0.438667 0 1
0.437633 0 1
0.4366 0 1
0.435569 0 1
0.434539 0 1
0.433511 0 1
0.432484 0 1
0.431459 0 1
0.430435 0 1
0.429413 0 1
0.428393 0 1
0.427374 0 1
0.426357 0 1
0.425341 0 1
0.424327 0 1
0.423314 0 1
0.422303 0 1
0.421293 0 1
0.420285 0 1
0.419279 0 1
0.418274 0 1
0.417271 0 1
0.416269 0 1
0.415269 0 1
0.414271 0 1
0.413274 0 1
0.412278 0 1
0.411284 0 1
0.410292 0 1
0.409302 0 1
0.408313 0 1
0.407325 0 1
0.406339 0 1
0.405355 0 1
0.404372 0 1
0.403391 0 1
0.402412 0 1
0.401434 0 1
0.400458 0 1
0.399483 0 1
0.39851 0 1
0.397538 0 1
0.396568 0 1
0.3956 0 1
0.394633 0 1
0.393668 0 1
0.392705 0 1
0.391743 0 1
0.390783 0 1
0.389824 0 1
0.388867 0 1
0.387912 0 1
0.386958 0 1
0.386006 0 1
0.385055 0 1
0.384106 0 1
0.383159 0 1
0.382213 0 1
0.381269 0 1
0.380326 0 1
0.379385 0 1
0.378446 0 1
0.377509 0 1
0.376573 0 1
0.375638 0 1
0.374705 0 1
0.373774 0 1
0.372845 0 1
0.371917 0 1
0.37099 0 1
0.370066 0 1
0.369143 0 1
0.368221 0 1
0.367302 0 1
0.366383 0 1
0.365467 0 1
0.364552 0 1
0.363639 0 1
0.362727 0 1
0.361817 0 1
0.360909 0 1
0.360002 0 1
0.359097 0 1
0.358193 0 1
0.357291 0 1
0.356391 0 1
0.355493 0 1
0.354596 0 1
0.3537 0 1
0.352807 0 1
0.351914 0 1
0.351024 0 1
0.350135 0 1
0.349248 0 1
0.348362 0 1
0.347478 0 1
0.346596 0 1
0.345716 0 1
0.344836 0 1
0.343959 0 1
0.343083 0 1
0.342209 0 1
0.341337 0 1
0.340466 0 1
0.339596 0 1
0.338729 0 1
0.337863 0 1
0.336998 0 1
0.336136 0 1
0.335275 0 1
0.334415 0 1
0.333557 0 1
0.332701 0 1
0.331846 0 1
0.330993 0 1
0.330142 0 1
0.329292 0 1
0.328444 0 1
0.327598 0 1
0.326753 0 1
0.32591 0 1
0.325068 0 1
0.324228 0 1
0.32339 0 1
0.322553 0 1
0.321718 0 1
0.320885 0 1
0.320053 0 1
0.319222 0 1
0.318394 0 1
0.317567 0 1
0.316741 0 1
0.315918 0 1
0.315096 0 1
0.314275 0 1
0.313456 0 1
0.312639 0 1
0.311823 0 1
0.311009 0 1
0.310197 0 1
0.309386 0 1
0.308577 0 1
0.307769 0 1
0.306963 0 1
0.306159 0 1
0.305356 0 1
0.304555 0 1
0.303755 0 1
0.302957 0 1
0.302161 0 1
0.301366 0 1
0.300573 0 1
0.299781 0 1
0.298991 0 1
0.298203 0 1
0.297416 0 1
0.296631 0 1
0.295848 0 1
0.295066 0 1
0.294285 0 1
0.293507 0 1
0.292729 0 1
0.291954 0 1
0.29118 0 1
0.290407 0 1
0.289637 0 1
0.288867 0 1
0.2881 0 1
0.287334 0 1
0.286569 0 1
0.285806 0 1
0.285045 0 1
0.284286 0 1
0.283527 0 1
0.282771 0 1
0.282016 0 1
0.281263 0 1
0.280511 0 1
0.279761 0 1
0.279012 0 1
0.278265 0 1
0.277519 0 1
0.276775 0 1
0.276033 0 1
0.275292 0 1
0.274553 0 1
0.273815 0 1
0.273079 0 1
0.272345 0 1
0.271612 0 1
0.27088 0 1
0.27015 0 1
0.269422 0 1
0.268695 0 1
0.26797 0 1
0.267246 0 1
0.266524 0 1
0.265804 0 1
0.265085 0 1
0.264367 0 1
0.263651 0 1
0.262937 0 1
0.262224 0 1
0.261513 0 1
0.260803 0 1
0.260095 0 1
0.259388 0 1
0.258683 0 1
0.25798 0 1
0.257278 0 1
0.256577 0 1
0.255878 0 1
0.255181 0 1
0.254485 0 1
0.25379 0 1
0.253097 0 1
0.252406 0 1
0.251716 0 1
0.251028 0 1
0.250341 0 1
0.249656 0 1
0.248972 0 1
0.24829 0 1
0.247609 0 1
0.24693 0 1
0.246252 0 1
0.245576 0 1
0.244901 0 1
0.244228 0 1
0.243556 0 1
0.242886 0 1
0.242217 0 1
0.24155 0 1
0.240884 0 1
0.24022 0 1
0.239557 0 1
0.238896 0 1
0.238236 0 1
0.237577 0 1
0.236921 0 1
0.236265 0 1
0.235611 0 1
0.234959 0 1
0.234308 0 1
0.233659 0 1
0.233011 0 1
0.232364 0 1
0.231719 0 1
0.231076 0 1
0.230433 0 1
0.229793 0 1
0.229154 0 1
0.228516 0 1
0.22788 0 1
0.227245 0 1
0.226612 0 1
0.22598 0 1
0.225349 0 1
0.22472 0 1
0.224093 0 1
0.223467 0 1
0.222842 0 1
0.222219 0 1
0.221597 0 1
0.220977 0 1
0.220358 0 1
0.21974 0 1
0.219124 0 1
0.21851 0 1
0.217896 0 1
0.217285 0 1
0.216674 0 1
0.216065 0 1
0.215458 0 1
0.214852 0 1
0.214247 0 1
0.213644 0 1
0.213042 0 1
0.212442 0 1
0.211843 0 1
0.211245 0 1
0.210649 0 1
0.210054 0 1
0.209461 0 1
0.208869 0 1
0.208278 0 1
0.207689 0 1
0.207101 0 1
0.206515 0 1
0.20593 0 1
0.205346 0 1
0.204764 0 1
0.204183 0 1
0.203603 0 1
0.203025 0 1
0.202448 0 1
0.201873 0 1
0.201299 0 1
0.200726 0 1
0.200155 0 1
0.199585 0 1
0.199017 0 1
0.19845 0 1
0.197884 0 1
0.197319 0 1
0.196756 0 1
0.196194 0 1
0.195634 0 1
0.195075 0 1
0.194517 0 1
0.193961 0 1
0.193406 0 1
0.192852 0 1
0.1923 0 1
0.191749 0 1
0.191199 0 1
0.190651 0 1
0.190104 0 1
0.189558 0 1
0.189014 0 1
0.188471 0 1
0.187929 0 1
0.187389 0 1
0.18685 0 1
0.186312 0 1
0.185776 0 1
0.185241 0 1
0.184707 0 1
0.184175 0 1
0.183643 0 1
0.183113 0 1
0.182585 0 1
0.182058 0 1
0.181532 0 1
0.181007 0 1
0.180484 0 1
0.179962 0 1
0.179441 0 1
0.178921 0 1
0.178403 0 1
0.177886 0 1
0.17737 0 1
0.176856 0 1
0.176343 0 1
0.175831 0 1
0.17532 0 1
0.174811 0 1
0.174303 0 1
0.173796 0 1
0.173291 0 1
0.172786 0 1
0.172283 0 1
0.171782 0 1
0.171281 0 1
0.170782 0 1
0.170284 0 1
0.169787 0 1
0.169292 0 1
0.168798 0 1
0.168305 0 1
0.167813 0 1
0.167322 0 1
0.166833 0 1
0.166345 0 1
0.165858 0 1
0.165372 0 1
0.164888 0 1
0.164405 0 1
0.163923 0 1
0.163442 0 1
0.162963 0 1
0.162485 0 1
0.162007 0 1
0.161532 0 1
0.161057 0 1
0.160583 0 1
0.160111 0 1
0.15964 0 1
0.15917 0 1
0.158702 0 1
0.158234 0 1
0.157768 0 1
0.157303 0 1
0.156839 0 1
0.156376 0 1
0.155915 0 1
0.155455 0 1
0.154995 0 1
0.154537 0 1
0.154081 0 1
0.153625 0 1
0.153171 0 1
0.152717 0 1
0.152265 0 1
0.151814 0 1
0.151365 0 1
0.150916 0 1
0.150468 0 1
0.150022 0 1
0.149577 0 1
0.149133 0 1
0.14869 0 1
0.148248 0 1
0.147808 0 1
0.147368 0 1
0.14693 0 1
0.146493 0 1
0.146057 0 1
0.145622 0 1
0.145188 0 1
0.144756 0 1
0.144324 0 1
0.143894 0 1
0.143465 0 1
0.143037 0 1
0.14261 0 1
0.142184 0 1
0.141759 0 1
0.141335 0 1
0.140913 0 1
0.140491 0 1
0.140071 0 1
0.139652 0 1
0.139234 0 1
0.138817 0 1
0.138401 0 1
0.137986 0 1
0.137572 0 1
0.137159 0 1
0.136748 0 1
0.136337 0 1
0.135928 0 1
0.13552 0 1
0.135112 0 1
0.134706 0 1
0.134301 0 1
0.133897 0 1
0.133494 0 1
0.133092 0 1
0.132692 0 1
0.132292 0 1
0.131893 0 1
0.131496 0 1
0.131099 0 1
0.130703 0 1
0.130309 0 1
0.129916 0 1
0.129523 0 1
0.129132 0 1
0.128742 0 1
0.128352 0 1
0.127964 0 1
0.127577 0 1
0.127191 0 1
0.126806 0 1
0.126422 0 1
0.126039 0 1
0.125657 0 1
0.125276 0 1
0.124896 0 1
0.124517 0 1
0.124139 0 1
0.123762 0 1
0.123387 0 1
0.123012 0 1
0.122638 0 1
0.122265 0 1
0.121893 0 1
0.121522 0 1
0.121153 0 1
0.120784 0 1
0.120416 0 1
0.120049 0 1
0.119683 0 1
0.119318 0 1
0.118955 0 1
0.118592 0 1
0.11823 0 1
0.117869 0 1
0.117509 0 1
0.11715 0 1
0.116792 0 1
0.116435 0 1
0.116079 0 1
0.115724 0 1
0.11537 0 1
0.115017 0 1
0.114665 0 1
0.114314 0 1
0.113963 0 1
0.113614 0 1
0.113266 0 1
0.112919 0 1
0.112572 0 1
0.112227 0 1
0.111882 0 1
0.111539 0 1
0.111196 0 1
0.110854 0 1
0.110514 0 1
0.110174 0 1
0.109835 0 1
0.109497 0 1
0.10916 0 1
0.108824 0 1
0.108489 0 1
0.108155 0 1
0.107821 0 1
0.107489 0 1
0.107157 0 1
0.106827 0 1
0.106497 0 1
0.106169 0 1
0.105841 0 1
0.105514 0 1
0.105188 0 1
0.104863 0 1
0.104539 0 1
0.104215 0 1
0.103893 0 1
0.103571 0 1
0.103251 0 1
0.102931 0 1
0.102612 0 1
0.102294 0 1
0.101977 0 1
0.101661 0 1
0.101346 0 1
0.101031 0 1
0.100718 0 1
0.100405 0 1
0.100094 0 1
0.0997827 0 1
0.0994726 0 1
0.0991635 0 1
0.0988552 0 1
0.0985478 0 1
0.0982412 0 1
0.0979355 0 1
0.0976306 0 1
0.0973266 0 1
0.0970235 0 1
0.0967212 0 1
0.0964198 0 1
0.0961192 0 1
0.0958194 0 1
0.0955205 0 1
0.0952225 0 1
0.0949253 0 1
0.0946289 0 1
0.0943334 0 1
0.0940386 0 1
0.0937448 0 1
0.0934517 0 1
0.0931595 0 1
0.0928681 0 1
0.0925776 0 1
0.0922878 0 1
0.0919989 0 1
0.0917108 0 1
0.0914235 0 1
0.091137 0 1
0.0908514 0 1
0.0905665 0 1
0.0902825 0 1
0.0899993 0 1
0.0897169 0 1
0.0894352 0 1
0.0891544 0 1
0.0888744 0 1
0.0885952 0 1
0.0883168 0 1
0.0880391 0 1
0.0877623 0 1
0.0874862 0 1
0.087211 0 1
0.0869365 0 1
0.0866628 0 1
0.0863899 0 1
0.0861178 0 1
0.0858464 0 1
0.0855759 0 1
0.0853061 0 1
0.0850371 0 1
0.0847688 0 1
0.0845013 0 1
0.0842346 0 1
0.0839687 0 1
0.0837035 0 1
0.0834391 0 1
0.0831754 0 1
0.0829125 0 1
0.0826504 0 1
0.082389 0 1
0.0821283 0 1
0.0818685 0 1
0.0816093 0 1
0.0813509 0 1
0.0810933 0 1
0.0808364 0 1
0.0805802 0 1
0.0803248 0 1
0.0800702 0 1
0.0798162 0 1
0.079563 0 1
0.0793105 0 1
0.0790588 0 1
0.0788078 0 1
0.0785575 0 1
0.0783079 0 1
0.0780591 0 1
0.077811 0 1
0.0775636 0 1
0.0773169 0 1
0.077071 0 1
0.0768257 0 1
0.0765812 0 1
0.0763374 0 1
0.0760943 0 1
0.0758519 0 1
0.0756102 0 1
0.0753692 0 1
0.0751289 0 1
0.0748894 0 1
0.0746505 0 1
0.0744123 0 1
0.0741748 0 1
0.073938 0 1
0.0737019 0 1
0.0734665 0 1
0.0732318 0 1
0.0729977 0 1
0.0727644 0 1
0.0725317 0 1
0.0722997 0 1
0.0720684 0 1
0.0718378 0 1
0.0716079 0 1
0.0713786 0 1
0.07115 0 1
0.0709221 0 1
0.0706948 0 1
0.0704682 0 1
0.0702423 0 1
0.070017 0 1
0.0697925 0 1
0.0695685 0 1
0.0693453 0 1
0.0691226 0 1
0.0689007 0 1
0.0686794 0 1
0.0684587 0 1
0.0682387 0 1
0.0680194 0 1
0.0678007 0 1
0.0675826 0 1
0.0673652 0 1
0.0671485 0 1
0.0669323 0 1
0.0667169 0 1
0.066502 0 1
0.0662878 0 1
0.0660742 0 1
0.0658613 0 1
0.065649 0 1
0.0654373 0 1
0.0652263 0 1
0.0650158 0 1
0.0648061 0 1
0.0645969 0 1
0.0643883 0 1
0.0641804 0 1
0.0639731 0 1
0.0637664 0 1
0.0635603 0 1
0.0633549 0 1
0.06315 0 1
0.0629458 0 1
0.0627421 0 1
0.0625391 0 1
0.0623367 0 1
0.0621349 0 1
0.0619337 0 1
0.0617331 0 1
0.0615331 0 1
0.0613337 0 1
0.0611349 0 1
0.0609367 0 1
0.060739 0 1
0.060542 0 1
0.0603456 0 1
0.0601497 0 1
0.0599544 0 1
0.0597598 0 1
0.0595657 0 1
0.0593722 0 1
0.0591792 0 1
0.0589869 0 1
0.0587951 0 1
0.0586039 0 1
0.0584133 0 1
0.0582233 0 1
0.0580338 0 1
0.0578449 0 1
0.0576566 0 1
0.0574688 0 1
0.0572816 0 1
0.057095 0 1
0.0569089 0 1
0.0567234 0 1
0.0565384 0 1
0.0563541 0 1
0.0561702 0 1
0.0559869 0 1
0.0558042 0 1
0.0556221 0 1
0.0554404 0 1
0.0552594 0 1
0.0550788 0 1
0.0548989 0 1
0.0547194 0 1
0.0545406 0 1
0.0543622 0 1
0.0541844 0 1
0.0540072 0 1
0.0538304 0 1
0.0536543 0 1
0.0534786 0 1
0.0533035 0 1
0.0531289 0 1
0.0529549 0 1
0.0527813 0 1
0.0526083 0 1
0.0524359 0 1
0.0522639 0 1
0.0520925 0 1
0.0519216 0 1
0.0517512 0 1
0.0515814 0 1
0.051412 0 1
0.0512432 0 1
0.0510749 0 1
0.0509071 0 1
0.0507399 0 1
0.0505731 0 1
0.0504068 0 1
0.0502411 0 1
0.0500758 0 1
0.0499111 0 1
0.0497469 0 1
0.0495831 0 1
0.0494199 0 1
0.0492572 0 1
0.049095 0 1
0.0489332 0 1
0.048772 0 1
0.0486113 0 1
0.048451 0 1
0.0482913 0 1
0.048132 0 1
0.0479732 0 1
0.0478149 0 1
0.0476571 0 1
0.0474998 0 1
0.047343 0 1
0.0471867 0 1
0.0470308 0 1
0.0468754 0 1
0.0467205 0 1
0.0465661 0 1
0.0464121 0 1
0.0462586 0 1
0.0461056 0 1
0.0459531 0 1
0.0458011 0 1
0.0456495 0 1
0.0454983 0 1
0.0453477 0 1
0.0451975 0 1
0.0450478 0 1
0.0448985 0 1
0.0447497 0 1
0.0446014 0 1
0.0444535 0 1
0.0443061 0 1
0.0441591 0 1
0.0440126 0 1
0.0438665 0 1
0.0437209 0 1
0.0435758 0 1
0.0434311 0 1
0.0432868 0 1
0.043143 0 1
0.0429997 0 1
0.0428568 0 1
0.0427143 0 1
0.0425723 0 1
0.0424307 0 1
0.0422896 0 1
0.0421488 0 1
0.0420086 0 1
0.0418688 0 1
0.0417294 0 1
0.0415904 0 1
0.0414519 0 1
0.0413138 0 1
0.0411761 0 1
0.0410389 0 1
0.0409021 0 1
0.0407657 0 1
0.0406298 0 1
0.0404942 0 1
0.0403591 0 1
0.0402245 0 1
0.0400902 0 1
0.0399564 0 1
0.039823 0 1
0.03969 0 1
0.0395574 0 1
0.0394252 0 1
0.0392934 0 1
0.0391621 0 1
0.0390312 0 1
0.0389006 0 1
0.0387705 0 1
0.0386408 0 1
0.0385115 0 1
0.0383826 0 1
0.0382542 0 1
0.0381261 0 1
0.0379984 0 1
0.0378711 0 1
0.0377442 0 1
0.0376178 0 1
0.0374917 0 1
0.037366 0 1
0.0372407 0 1
0.0371158 0 1
0.0369913 0 1
0.0368672 0 1
0.0367435 0 1
0.0366202 0 1
0.0364972 0 1
0.0363747 0 1
0.0362525 0 1
0.0361307 0 1
0.0360093 0 1
0.0358883 0 1
0.0357677 0 1
0.0356474 0 1
0.0355276 0 1
0.0354081 0 1
0.035289 0 1
0.0351702 0 1
0.0350519 0 1
0.0349339 0 1
0.0348163 0 1
0.0346991 0 1
0.0345822 0 1
0.0344657 0 1
0.0343496 0 1
0.0342338 0 1
0.0341184 0 1
0.0340034 0 1
0.0338887 0 1
0.0337745 0 1
0.0336605 0 1
0.033547 0 1
0.0334337 0 1
0.0333209 0 1
0.0332084 0 1
0.0330963 0 1
0.0329845 0 1
0.0328731 0 1
0.032762 0 1
0.0326513 0 1
0.0325409 0 1
0.0324309 0 1
0.0323213 0 1
0.032212 0 1
0.032103 0 1
0.0319944 0 1
0.0318861 0 1
0.0317782 0 1
0.0316706 0 1
0.0315634 0 1
0.0314565 0 1
0.03135 0 1
0.0312437 0 1
0.0311379 0 1
0.0310323 0 1
0.0309272 0 1
0.0308223 0 1
0.0307178 0 1
0.0306136 0 1
0.0305097 0 1
0.0304062 0 1
0.030303 0 1
0.0302002 0 1
0.0300976 0 1
0.0299954 0 1
0.0298936 0 1
0.029792 0 1
0.0296908 0 1
0.0295899 0 1
0.0294893 0 1
0.0293891 0 1
0.0292892 0 1
0.0291896 0 1
0.0290903 0 1
0.0289913 0 1
0.0288927 0 1
0.0287943 0 1
0.0286963 0 1
0.0285986 0 1
0.0285012 0 1
0.0284042 0 1
0.0283074 0 1
0.028211 0 1
0.0281148 0 1
0.028019 0 1
0.0279235 0 1
0.0278283 0 1
0.0277334 0 1
0.0276388 0 1
0.0275445 0 1
0.0274505 0 1
0.0273568 0 1
0.0272634 0 1
0.0271704 0 1
0.0270776 0 1
0.0269851 0 1
0.0268929 0 1
0.026801 0 1
0.0267095 0 1
0.0266182 0 1
0.0265272 0 1
0.0264365 0 1
0.0263461 0 1
0.026256 0 1
0.0261662 0 1
0.0260766 0 1
0.0259874 0 1
0.0258984 0 1
0.0258098 0 1
0.0257214 0 1
0.0256333 0 1
0.0255455 0 1
0.025458 0 1
0.0253708 0 1
0.0252838 0 1
0.0251972 0 1
0.0251108 0 1
0.0250247 0 1
0.0249389 0 1
0.0248533 0 1
0.024768 0 1
0.0246831 0 1
0.0245983 0 1
0.0245139 0 1
0.0244298 0 1
0.0243459 0 1
0.0242623 0 1
0.0241789 0 1
0.0240958 0 1
0.024013 0 1
0.0239305 0 1
0.0238483 0 1
0.0237663 0 1
0.0236845 0 1
0.0236031 0 1
0.0235219 0 1
0.023441 0 1
0.0233603 0 1
0.0232799 0 1
0.0231998 0 1
0.0231199 0 1
0.0230403 0 1
0.0229609 0 1
0.0228818 0 1
0.022803 0 1
0.0227244 0 1
0.0226461 0 1
0.0225681 0 1
0.0224903 0 1
0.0224127 0 1
0.0223354 0 1
0.0222584 0 1
0.0221816 0 1
0.022105 0 1
0.0220287 0 1
0.0219527 0 1
0.0218769 0 1
0.0218014 0 1
0.0217261 0 1
0.021651 0 1
0.0215762 0 1
0.0215017 0 1
0.0214274 0 1
0.0213533 0 1
0.0212795 0 1
0.0212059 0 1
0.0211326 0 1
0.0210595 0 1
0.0209866 0 1
0.020914 0 1
0.0208417 0 1
0.0207695 0 1
0.0206976 0 1
0.020626 0 1
0.0205545 0 1
0.0204833 0 1
0.0204124 0 1
0.0203417 0 1
0.0202712 0 1
0.0202009 0 1
0.0201309 0 1
0.0200611 0 1
0.0199915 0 1
0.0199222 0 1
0.0198531 0 1
0.0197842 0 1
0.0197156 0 1
0.0196472 0 1
0.019579 0 1
0.019511 0 1
0.0194433 0 1
0.0193757 0 1
0.0193084 0 1
0.0192414 0 1
0.0191745 0 1
0.0191079 0 1
0.0190415 0 1
0.0189753 0 1
0.0189093 0 1
0.0188436 0 1
0.018778 0 1
0.0187127 0 1
0.0186476 0 1
0.0185827 0 1
0.0185181 0 1
0.0184536 0 1
0.0183894 0 1
0.0183253 0 1
0.0182615 0 1
0.0181979 0 1
0.0181345 0 1
0.0180714 0 1
0.0180084 0 1
0.0179456 0 1
0.0178831 0 1
0.0178207 0 1
0.0177586 0 1
0.0176967 0 1
0.0176349 0 1
0.0175734 0 1
0.0175121 0 1
0.017451 0 1
0.0173901 0 1
0.0173294 0 1
0.0172689 0 1
0.0172086 0 1
0.0171485 0 1
0.0170886 0 1
0.0170289 0 1
0.0169694 0 1
0.0169101 0 1
0.016851 0 1
0.0167921 0 1
0.0167334 0 1
0.0166749 0 1
0.0166165 0 1
0.0165584 0 1
0.0165005 0 1
0.0164428 0 1
0.0163852 0 1
0.0163279 0 1
0.0162707 0 1
0.0162138 0 1
0.016157 0 1
0.0161004 0 1
0.016044 0 1
0.0159878 0 1
0.0159318 0 1
0.0158759 0 1
0.0158203 0 1
0.0157648 0 1
0.0157096 0 1
0.0156545 0 1
0.0155996 0 1
0.0155449 0 1
0.0154903 0 1
0.015436 0 1
0.0153818 0 1
0.0153278 0 1
0.015274 0 1
0.0152204 0 1
0.0151669 0 1
0.0151137 0 1
0.0150606 0 1
0.0150077 0 1
0.014955 0 1
0.0149024 0 1
0.01485 0 1
0.0147978 0 1
0.0147458 0 1
0.014694 0 1
0.0146423 0 1
0.0145908 0 1
0.0145395 0 1
0.0144883 0 1
0.0144373 0 1
0.0143865 0 1
0.0143359 0 1
0.0142854 0 1
0.0142351 0 1
0.014185 0 1
0.014135 0 1
0.0140852 0 1
0.0140356 0 1
0.0139861 0 1
0.0139369 0 1
0.0138877 0 1
0.0138388 0 1
0.01379 0 1
0.0137414 0 1
0.0136929 0 1
0.0136446 0 1
0.0135965 0 1
0.0135485 0 1
0.0135007 0 1
0.013453 0 1
0.0134055 0 1
0.0133582 0 1
0.013311 0 1
0.013264 0 1
0.0132172 0 1
0.0131705 0 1
0.013124 0 1
0.0130776 0 1
0.0130314 0 1
0.0129853 0 1
0.0129394 0 1
0.0128937 0 1
0.0128481 0 1
0.0128026 0 1
0.0127574 0 1
0.0127122 0 1
0.0126673 0 1
0.0126224 0 1
0.0125778 0 1
0.0125332 0 1
0.0124889 0 1
0.0124446 0 1
0.0124006 0 1
0.0123567 0 1
0.0123129 0 1
0.0122693 0 1
0.0122258 0 1
0.0121825 0 1
0.0121393 0 1
0.0120963 0 1
0.0120534 0 1
0.0120106 0 1
0.011968 0 1
0.0119256 0 1
0.0118833 0 1
0.0118411 0 1
0.0117991 0 1
0.0117572 0 1
0.0117155 0 1
0.0116739 0 1
0.0116325 0 1
0.0115912 0 1
0.01155 0 1
0.011509 0 1
0.0114681 0 1
0.0114274 0 1
0.0113868 0 1
0.0113463 0 1
0.011306 0 1
0.0112658 0 1
0.0112257 0 1
0.0111858 0 1
0.011146 0 1
0.0111064 0 1
0.0110669 0 1
0.0110275 0 1
0.0109883 0 1
0.0109492 0 1
0.0109102 0 1
0.0108714 0 1
0.0108326 0 1
0.0107941 0 1
0.0107556 0 1
0.0107173 0 1
0.0106792 0 1
0.0106411 0 1
0.0106032 0 1
0.0105654 0 1
0.0105277 0 1
0.0104902 0 1
0.0104528 0 1
0.0104155 0 1
0.0103784 0 1
0.0103414 0 1
0.0103045 0 1
0.0102677 0 1
0.0102311 0 1
0.0101946 0 1
0.0101582 0 1
0.0101219 0 1
0.0100858 0 1
0.0100498 0 1
0.0100139 0 1
0.00997815 0 1
0.00994251 0 1
0.00990699 0 1
0.00987159 0 1
0.00983632 0 1
0.00980117 0 1
0.00976613 0 1
0.00973122 0 1
0.00969643 0 1
0.00966176 0 1
0.0096272 0 1
0.00959277 0 1
0.00955845 0 1
0.00952426 0 1
0.00949018 0 1
0.00945621 0 1
0.00942237 0 1
0.00938864 0 1
0.00935503 0 1
0.00932153 0 1
0.00928815 0 1
0.00925489 0 1
0.00922174 0 1
0.0091887 0 1
0.00915578 0 1
0.00912297 0 1
0.00909027 0 1
0.00905769 0 1
0.00902522 0 1
0.00899286 0 1
0.00896061 0 1
0.00892848 0 1
0.00889646 0 1
0.00886454 0 1
0.00883274 0 1
0.00880105 0 1
0.00876946 0 1
0.00873799 0 1
0.00870662 0 1
0.00867537 0 1
0.00864422 0 1
0.00861318 0 1
0.00858224 0 1
0.00855142 0 1
0.0085207 0 1
0.00849008 0 1
0.00845958 0 1
0.00842918 0 1
0.00839888 0 1
0.00836869 0 1
0.0083386 0 1
0.00830862 0 1
0.00827874 0 1
0.00824897 0 1
0.0082193 0 1
0.00818973 0 1
0.00816026 0 1
0.0081309 0 1
0.00810164 0 1
0.00807248 0 1
0.00804342 0 1
0.00801446 0 1
0.0079856 0 1
0.00795685 0 1
0.00792819 0 1
0.00789963 0 1
0.00787117 0 1
0.00784281 0 1
0.00781455 0 1
0.00778639 0 1
0.00775833 0 1
0.00773036 0 1
0.00770249 0 1
0.00767472 0 1
0.00764704 0 1
0.00761946 0 1
0.00759198 0 1
0.00756459 0 1
0.0075373 0 1
0.0075101 0 1
0.007483 0 1
0.00745599 0 1
0.00742907 0 1
0.00740225 0 1
0.00737553 0 1
0.00734889 0 1
0.00732235 0 1
0.0072959 0 1
0.00726955 0 1
0.00724328 0 1
0.00721711 0 1
0.00719103 0 1
0.00716504 0 1
0.00713914 0 1
0.00711333 0 1
0.00708761 0 1
0.00706198 0 1
0.00703644 0 1
0.00701099 0 1
0.00698563 0 1
0.00696036 0 1
0.00693517 0 1
0.00691008 0 1
0.00688507 0 1
0.00686015 0 1
0.00683531 0 1
0.00681057 0 1
0.0067859 0 1
0.00676133 0 1
0.00673684 0 1
0.00671244 0 1
0.00668812 0 1
0.00666389 0 1
0.00663974 0 1
0.00661568 0 1
0.0065917 0 1
0.00656781 0 1
0.006544 0 1
0.00652027 0 1
0.00649663 0 1
0.00647307 0 1
0.00644959 0 1
0.00642619 0 1
0.00640288 0 1
0.00637965 0 1
0.00635649 0 1
0.00633343 0 1
0.00631044 0 1
0.00628753 0 1
0.0062647 0 1
0.00624195 0 1
0.00621929 0 1
0.0061967 0 1
0.00617419 0 1
0.00615176 0 1
0.00612941 0 1
0.00610714 0 1
0.00608495 0 1
0.00606283 0 1
0.00604079 0 1
0.00601883 0 1
0.00599695 0 1
0.00597514 0 1
0.00595341 0 1
0.00593176 0 1
0.00591018 0 1
0.00588868 0 1
0.00586726 0 1
0.00584591 0 1
0.00582464 0 1
0.00580344 0 1
0.00578231 0 1
0.00576126 0 1
0.00574028 0 1
0.00571938 0 1
0.00569855 0 1
0.0056778 0 1
0.00565712 0 1
0.00563651 0 1
0.00561597 0 1
0.00559551 0 1
0.00557512 0 1
0.0055548 0 1
0.00553455 0 1
0.00551437 0 1
0.00549427 0 1
0.00547423 0 1
0.00545427 0 1
0.00543437 0 1
0.00541455 0 1
0.0053948 0 1
0.00537512 0 1
0.0053555 0 1
0.00533596 0 1
0.00531648 0 1
0.00529708 0 1
0.00527774 0 1
0.00525847 0 1
0.00523927 0 1
0.00522014 0 1
0.00520107 0 1
0.00518207 0 1
0.00516314 0 1
0.00514428 0 1
0.00512548 0 1
0.00510675 0 1
0.00508809 0 1
0.00506949 0 1
0.00505096 0 1
0.00503249 0 1
0.00501409 0 1
0.00499575 0 1
0.00497748 0 1
0.00495928 0 1
0.00494114 0 1
0.00492306 0 1
0.00490505 0 1
0.0048871 0 1
0.00486921 0 1
0.00485139 0 1
0.00483363 0 1
0.00481593 0 1
0.0047983 0 1
0.00478073 0 1
0.00476322 0 1
0.00474578 0 1
0.00472839 0 1
0.00471107 0 1
0.00469381 0 1
0.00467661 0 1
0.00465947 0 1
0.0046424 0 1
0.00462538 0 1
0.00460842 0 1
0.00459153 0 1
0.00457469 0 1
0.00455792 0 1
0.0045412 0 1
0.00452454 0 1
0.00450795 0 1
0.00449141 0 1
0.00447493 0 1
0.00445851 0 1
0.00444214 0 1
0.00442584 0 1
0.00440959 0 1
0.00439341 0 1
0.00437728 0 1
0.0043612 0 1
0.00434519 0 1
0.00432923 0 1
0.00431333 0 1
0.00429748 0 1
0.00428169 0 1
0.00426596 0 1
0.00425028 0 1
0.00423466 0 1
0.0042191 0 1
0.00420359 0 1
0.00418814 0 1
0.00417274 0 1
0.00415739 0 1
0.0041421 0 1
0.00412687 0 1
0.00411169 0 1
0.00409656 0 1
0.00408149 0 1
0.00406647 0 1
0.00405151 0 1
0.0040366 0 1
0.00402174 0 1
0.00400694 0 1
0.00399219 0 1
0.00397749 0 1
0.00396284 0 1
0.00394825 0 1
0.00393371 0 1
0.00391922 0 1
0.00390478 0 1
0.00389039 0 1
0.00387606 0 1
0.00386177 0 1
0.00384754 0 1
0.00383336 0 1
0.00381923 0 1
0.00380515 0 1
0.00379112 0 1
0.00377714 0 1
0.00376321 0 1
0.00374933 0 1
0.0037355 0 1
0.00372172 0 1
0.00370799 0 1
0.00369431 0 1
0.00368068 0 1
0.0036671 0 1
0.00365356 0 1
0.00364007 0 1
0.00362664 0 1
0.00361325 0 1
0.00359991 0 1
0.00358661 0 1
0.00357337 0 1
0.00356017 0 1
0.00354702 0 1
0.00353391 0 1
0.00352086 0 1
0.00350785 0 1
0.00349488 0 1
0.00348197 0 1
0.0034691 0 1
0.00345627 0 1
0.00344349 0 1
0.00343076 0 1
0.00341808 0 1
0.00340543 0 1
0.00339284 0 1
0.00338029 0 1
0.00336779 0 1
0.00335533 0 1
0.00334291 0 1
0.00333054 0 1
0.00331821 0 1
0.00330593 0 1
0.0032937 0 1
0.0032815 0 1
0.00326935 0 1
0.00325725 0 1
0.00324519 0 1
0.00323317 0 1
0.00322119 0 1
0.00320926 0 1
0.00319737 0 1
0.00318552 0 1
0.00317372 0 1
0.00316196 0 1
0.00315024 0 1
0.00313857 0 1
0.00312693 0 1
0.00311534 0 1
0.00310379 0 1
0.00309228 0 1
0.00308081 0 1
0.00306939 0 1
0.003058 0 1
0.00304666 0 1
0.00303536 0 1
0.00302409 0 1
0.00301287 0 1
0.00300169 0 1
0.00299055 0 1
0.00297945 0 1
0.00296839 0 1
0.00295737 0 1
0.00294639 0 1
0.00293545 0 1
0.00292455 0 1
0.00291369 0 1
0.00290286 0 1
0.00289208 0 1
0.00288134 0 1
0.00287063 0 1
0.00285997 0 1
0.00284934 0 1
0.00283875 0 1
0.0028282 0 1
0.00281768 0 1
0.00280721 0 1
0.00279677 0 1
0.00278637 0 1
0.00277601 0 1
0.00276569 0 1
0.0027554 0 1
0.00274515 0 1
0.00273494 0 1
0.00272476 0 1
0.00271462 0 1
0.00270452 0 1
0.00269446 0 1
0.00268443 0 1
0.00267443 0 1
0.00266448 0 1
0.00265456 0 1
0.00264467 0 1
0.00263482 0 1
0.00262501 0 1
0.00261524 0 1
0.00260549 0 1
0.00259579 0 1
0.00258612 0 1
0.00257648 0 1
0.00256688 0 1
0.00255731 0 1
0.00254778 0 1
0.00253829 0 1
0.00252882 0 1
0.0025194 0 1
0.00251 0 1
0.00250064 0 1
0.00249132 0 1
0.00248203 0 1
0.00247277 0 1
0.00246354 0 1
0.00245435 0 1
0.0024452 0 1
0.00243607 0 1
0.00242698 0 1
0.00241792 0 1
0.0024089 0 1
0.00239991 0 1
0.00239095 0 1
0.00238202 0 1
0.00237313 0 1
0.00236426 0 1
0.00235543 0 1
0.00234664 0 1
0.00233787 0 1
0.00232914 0 1
0.00232044 0 1
0.00231177 0 1
0.00230313 0 1
0.00229452 0 1
0.00228595 0 1
0.0022774 0 1
0.00226889 0 1
0.00226041 0 1
0.00225195 0 1
0.00224353 0 1
0.00223514 0 1
0.00222679 0 1
0.00221846 0 1
0.00221016 0 1
0.00220189 0 1
0.00219365 0 1
0.00218544 0 1
0.00217727 0 1
0.00216912 0 1
0.002161 0 1
0.00215291 0 1
0.00214485 0 1
0.00213682 0 1
0.00212882 0 1
0.00212085 0 1
0.00211291 0 1
0.002105 0 1
0.00209711 0 1
0.00208926 0 1
0.00208143 0 1
0.00207363 0 1
0.00206586 0 1
0.00205812 0 1
0.00205041 0 1
0.00204272 0 1
0.00203507 0 1
0.00202744 0 1
0.00201984 0 1
0.00201226 0 1
0.00200472 0 1
0.0019972 0 1
0.00198971 0 1
0.00198225 0 1
0.00197481 0 1
0.00196741 0 1
0.00196002 0 1
0.00195267 0 1
0.00194534 0 1
0.00193804 0 1
0.00193077 0 1
0.00192352 0 1
0.0019163 0 1
0.00190911 0 1
0.00190194 0 1
0.0018948 0 1
0.00188768 0 1
0.0018806 0 1
0.00187353 0 1
0.00186649 0 1
0.00185948 0 1
0.0018525 0 1
0.00184554 0 1
0.0018386 0 1
0.00183169 0 1
0.00182481 0 1
0.00181795 0 1
0.00181112 0 1
0.00180431 0 1
0.00179753 0 1
0.00179077 0 1
0.00178404 0 1
0.00177733 0 1
0.00177064 0 1
0.00176398 0 1
0.00175735 0 1
0.00175074 0 1
0.00174415 0 1
0.00173759 0 1
0.00173105 0 1
0.00172454 0 1
0.00171805 0 1
0.00171158 0 1
0.00170514 0 1
0.00169872 0 1
0.00169232 0 1
0.00168595 0 1
0.0016796 0 1
0.00167328 0 1
0.00166697 0 1
0.0016607 0 1
0.00165444 0 1
0.00164821 0 1
0.001642 0 1
0.00163581 0 1
0.00162965 0 1
0.00162351 0 1
0.00161739 0 1
0.00161129 0 1
0.00160522 0 1
0.00159917 0 1
0.00159314 0 1
0.00158713 0 1
0.00158115 0 1
0.00157518 0 1
0.00156924 0 1
0.00156332 0 1
0.00155743 0 1
0.00155155 0 1
0.0015457 0 1
0.00153987 0 1
0.00153405 0 1
0.00152827 0 1
0.0015225 0 1
0.00151675 0 1
0.00151103 0 1
0.00150532 0 1
0.00149964 0 1
0.00149398 0 1
0.00148834 0 1
0.00148271 0 1
0.00147712 0 1
0.00147154 0 1
0.00146598 0 1
0.00146044 0 1
0.00145492 0 1
0.00144943 0 1
0.00144395 0 1
0.00143849 0 1
0.00143306 0 1
0.00142764 0 1
0.00142224 0 1
0.00141687 0 1
0.00141151 0 1
0.00140617 0 1
0.00140086 0 1
0.00139556 0 1
0.00139028 0 1
0.00138502 0 1
0.00137978 0 1
0.00137456 0 1
0.00136936 0 1
0.00136418 0 1
0.00135902 0 1
0.00135388 0 1
0.00134876 0 1
0.00134365 0 1
0.00133857 0 1
0.0013335 0 1
0.00132845 0 1
0.00132342 0 1
0.00131841 0 1
0.00131342 0 1
0.00130844 0 1
0.00130349 0 1
0.00129855 0 1
0.00129363 0 1
0.00128873 0 1
0.00128385 0 1
0.00127898 0 1
0.00127414 0 1
0.00126931 0 1
0.0012645 0 1
0.00125971 0 1
0.00125493 0 1
0.00125018 0 1
0.00124544 0 1
0.00124071 0 1
0.00123601 0 1
0.00123132 0 1
0.00122665 0 1
0.001222 0 1
0.00121737 0 1
0.00121275 0 1
0.00120815 0 1
0.00120356 0 1
0.001199 0 1
0.00119445 0 1
0.00118992 0 1
0.0011854 0 1
0.0011809 0 1
0.00117642 0 1
0.00117195 0 1
0.0011675 0 1
0.00116307 0 1
0.00115865 0 1
0.00115425 0 1
0.00114987 0 1
0.0011455 0 1
0.00114115 0 1
0.00113682 0 1
0.0011325 0 1
0.0011282 0 1
0.00112391 0 1
0.00111964 0 1
0.00111539 0 1
0.00111115 0 1
0.00110692 0 1
0.00110272 0 1
0.00109852 0 1
0.00109435 0 1
0.00109019 0 1
0.00108604 0 1
0.00108191 0 1
0.0010778 0 1
0.0010737 0 1
0.00106962 0 1
0.00106555 0 1
0.00106149 0 1
0.00105745 0 1
0.00105343 0 1
0.00104942 0 1
0.00104543 0 1
0.00104145 0 1
0.00103749 0 1
0.00103354 0 1
0.0010296 0 1
0.00102569 0 1
0.00102178 0 1
0.00101789 0 1
0.00101401 0 1
0.00101015 0 1
0.00100631 0 1
0.00100247 0 1
0.000998655 0 1
0.00099485 0 1
0.00099106 0 1
0.000987285 0 1
0.000983523 0 1
0.000979775 0 1
0.000976042 0 1
0.000972322 0 1
0.000968616 0 1
0.000964924 0 1
0.000961246 0 1
0.000957581 0 1
0.00095393 0 1
0.000950293 0 1
0.00094667 0 1
0.000943059 0 1
0.000939463 0 1
0.00093588 0 1
0.00093231 0 1
0.000928754 0 1
0.00092521 0 1
0.00092168 0 1
0.000918164 0 1
0.00091466 0 1
0.00091117 0 1
0.000907692 0 1
0.000904228 0 1
0.000900776 0 1
0.000897338 0 1
0.000893912 0 1
0.000890499 0 1
0.000887099 0 1
0.000883712 0 1
0.000880337 0 1
0.000876975 0 1
0.000873625 0 1
0.000870288 0 1
0.000866964 0 1
0.000863652 0 1
0.000860352 0 1
0.000857065 0 1
0.00085379 0 1
0.000850527 0 1
0.000847277 0 1
0.000844038 0 1
0.000840812 0 1
0.000837598 0 1
0.000834396 0 1
0.000831206 0 1
0.000828028 0 1
0.000824861 0 1
0.000821707 0 1
0.000818564 0 1
0.000815434 0 1
0.000812315 0 1
0.000809207 0 1
0.000806112 0 1
0.000803028 0 1
0.000799955 0 1
0.000796894 0 1
0.000793845 0 1
0.000790806 0 1
0.00078778 0 1
0.000784764 0 1
0.00078176 0 1
0.000778768 0 1
0.000775786 0 1
0.000772816 0 1
0.000769857 0 1
0.000766909 0 1
0.000763972 0 1
0.000761046 0 1
0.000758131 0 1
0.000755227 0 1
0.000752334 0 1
0.000749451 0 1
0.00074658 0 1
0.000743719 0 1
0.00074087 0 1
0.00073803 0 1
0.000735202 0 1
0.000732384 0 1
0.000729577 0 1
0.00072678 0 1
0.000723994 0 1
0.000721218 0 1
0.000718453 0 1
0.000715698 0 1
0.000712953 0 1
0.000710219 0 1
0.000707495 0 1
0.000704781 0 1
0.000702078 0 1
0.000699384 0 1
0.000696701 0 1
0.000694028 0 1
0.000691365 0 1
0.000688712 0 1
0.000686069 0 1
0.000683436 0 1
0.000680813 0 1
0.0006782 0 1
0.000675596 0 1
0.000673002 0 1
0.000670419 0 1
0.000667844 0 1
0.00066528 0 1
0.000662725 0 1
0.00066018 0 1
0.000657644 0 1
0.000655118 0 1
0.000652602 0 1
0.000650095 0 1
0.000647597 0 1
0.000645109 0 1
0.00064263 0 1
0.000640161 0 1
0.000637701 0 1
0.00063525 0 1
0.000632808 0 1
0.000630376 0 1
0.000627952 0 1
0.000625538 0 1
0.000623133 0 1
0.000620737 0 1
0.000618351 0 1
0.000615973 0 1
0.000613604 0 1
0.000611244 0 1
0.000608893 0 1
0.000606551 0 1
0.000604217 0 1
0.000601893 0 1
0.000599577 0 1
0.00059727 0 1
0.000594972 0 1
0.000592682 0 1
0.000590401 0 1
0.000588129 0 1
0.000585865 0 1
0.00058361 0 1
0.000581363 0 1
0.000579125 0 1
0.000576895 0 1
0.000574674 0 1
0.000572461 0 1
0.000570256 0 1
0.00056806 0 1
0.000565872 0 1
0.000563692 0 1
0.000561521 0 1
0.000559358 0 1
0.000557203 0 1
0.000555056 0 1
0.000552917 0 1
0.000550786 0 1
0.000548664 0 1
0.000546549 0 1
0.000544443 0 1
0.000542344 0 1
0.000540253 0 1
0.000538171 0 1
0.000536096 0 1
0.000534029 0 1
0.000531969 0 1
0.000529918 0 1
0.000527874 0 1
0.000525839 0 1
0.00052381 0 1
0.00052179 0 1
0.000519777 0 1
0.000517772 0 1
0.000515774 0 1
0.000513784 0 1
0.000511802 0 1
0.000509827 0 1
0.000507859 0 1
0.000505899 0 1
0.000503946 0 1
0.000502001 0 1
0.000500063 0 1
0.000498133 0 1
0.000496209 0 1
0.000494294 0 1
0.000492385 0 1
0.000490484 0 1
0.000488589 0 1
0.000486702 0 1
0.000484822 0 1
0.00048295 0 1
0.000481084 0 1
0.000479226 0 1
0.000477374 0 1
0.00047553 0 1
0.000473692 0 1
0.000471862 0 1
0.000470038 0 1
0.000468221 0 1
0.000466412 0 1
0.000464609 0 1
0.000462813 0 1
0.000461024 0 1
0.000459241 0 1
0.000457466 0 1
0.000455697 0 1
0.000453935 0 1
0.000452179 0 1
0.00045043 0 1
0.000448688 0 1
0.000446953 0 1
0.000445224 0 1
0.000443501 0 1
0.000441786 0 1
0.000440076 0 1
0.000438373 0 1
0.000436677 0 1
0.000434987 0 1
0.000433304 0 1
0.000431627 0 1
0.000429956 0 1
0.000428292 0 1
0.000426634 0 1
0.000424982 0 1
0.000423337 0 1
0.000421698 0 1
0.000420065 0 1
0.000418438 0 1
0.000416817 0 1
0.000415203 0 1
0.000413595 0 1
0.000411993 0 1
0.000410397 0 1
0.000408807 0 1
0.000407223 0 1
0.000405645 0 1
0.000404073 0 1
0.000402508 0 1
0.000400948 0 1
0.000399394 0 1
0.000397846 0 1
0.000396304 0 1
0.000394768 0 1
0.000393237 0 1
0.000391713 0 1
0.000390194 0 1
0.000388681 0 1
0.000387174 0 1
0.000385672 0 1
0.000384177 0 1
0.000382687 0 1
0.000381202 0 1
0.000379724 0 1
0.000378251 0 1
0.000376783 0 1
0.000375321 0 1
0.000373865 0 1
0.000372414 0 1
0.000370969 0 1
0.00036953 0 1
0.000368095 0 1
0.000366667 0 1
0.000365244 0 1
0.000363826 0 1
0.000362413 0 1
0.000361006 0 1
0.000359605 0 1
0.000358209 0 1
0.000356818 0 1
0.000355432 0 1
0.000354052 0 1
0.000352677 0 1
0.000351307 0 1
0.000349942 0 1
0.000348583 0 1
0.000347229 0 1
0.00034588 0 1
0.000344536 0 1
0.000343197 0 1
0.000341863 0 1
0.000340535 0 1
0.000339211 0 1
0.000337893 0 1
0.00033658 0 1
0.000335271 0 1
0.000333968 0 1
0.00033267 0 1
0.000331376 0 1
0.000330088 0 1
0.000328804 0 1
0.000327526 0 1
0.000326252 0 1
0.000324983 0 1
0.000323719 0 1
0.00032246 0 1
0.000321206 0 1
0.000319956 0 1
0.000318711 0 1
0.000317471 0 1
0.000316236 0 1
0.000315006 0 1
0.00031378 0 1
0.000312559 0 1
0.000311342 0 1
0.000310131 0 1
0.000308923 0 1
0.000307721 0 1
0.000306523 0 1
0.00030533 0 1
0.000304141 0 1
0.000302957 0 1
0.000301777 0 1
0.000300602 0 1
0.000299431 0 1
0.000298265 0 1
0.000297103 0 1
0.000295946 0 1
0.000294793 0 1
0.000293645 0 1
0.000292501 0 1
0.000291361 0 1
0.000290226 0 1
0.000289095 0 1
0.000287969 0 1
0.000286846 0 1
0.000285728 0 1
0.000284615 0 1
0.000283505 0 1
0.0002824 0 1
0.000281299 0 1
0.000280203 0 1
0.00027911 0 1
0.000278022 0 1
0.000276938 0 1
0.000275858 0 1
0.000274782 0 1
0.00027371 0 1
0.000272643 0 1
0.00027158 0 1
0.00027052 0 1
0.000269465 0 1
0.000268414 0 1
0.000267366 0 1
0.000266323 0 1
0.000265284 0 1
0.000264249 0 1
0.000263218 0 1
0.00026219 0 1
0.000261167 0 1
0.000260148 0 1
0.000259132 0 1
0.000258121 0 1
0.000257113 0 1
0.000256109 0 1
0.000255109 0 1
0.000254113 0 1
0.000253121 0 1
0.000252132 0 1
0.000251148 0 1
0.000250167 0 1
0.00024919 0 1
0.000248216 0 1
0.000247247 0 1
0.000246281 0 1
0.000245319 0 1
0.00024436 0 1
0.000243405 0 1
0.000242454 0 1
0.000241507 0 1
0.000240563 0 1
0.000239623 0 1
0.000238686 0 1
0.000237753 0 1
0.000236824 0 1
0.000235898 0 1
0.000234976 0 1
0.000234057 0 1
0.000233142 0 1
0.00023223 0 1
0.000231322 0 1
0.000230418 0 1
0.000229517 0 1
0.000228619 0 1
0.000227725 0 1
0.000226834 0 1
0.000225947 0 1
0.000225063 0 1
0.000224182 0 1
0.000223305 0 1
0.000222431 0 1
0.000221561 0 1
0.000220694 0 1
0.00021983 0 1
0.00021897 0 1
0.000218113 0 1
0.000217259 0 1
0.000216409 0 1
0.000215561 0 1
0.000214718 0 1
0.000213877 0 1
0.00021304 0 1
0.000212205 0 1
0.000211374 0 1
0.000210547 0 1
0.000209722 0 1
0.000208901 0 1
0.000208082 0 1
0.000207267 0 1
0.000206455 0 1
0.000205647 0 1
0.000204841 0 1
0.000204038 0 1
0.000203239 0 1
0.000202443 0 1
0.000201649 0 1
0.000200859 0 1
0.000200072 0 1
0.000199288 0 1
0.000198507 0 1
0.000197729 0 1
0.000196953 0 1
0.000196181 0 1
0.000195412 0 1
0.000194646 0 1
0.000193883 0 1
0.000193123 0 1
0.000192365 0 1
0.000191611 0 1
0.000190859 0 1
0.000190111 0 1
0.000189365 0 1
0.000188622 0 1
0.000187882 0 1
0.000187145 0 1
0.000186411 0 1
0.00018568 0 1
0.000184951 0 1
0.000184225 0 1
0.000183502 0 1
0.000182782 0 1
0.000182065 0 1
0.00018135 0 1
0.000180639 0 1
0.00017993 0 1
0.000179223 0 1
0.00017852 0 1
0.000177819 0 1
0.000177121 0 1
0.000176425 0 1
0.000175732 0 1
0.000175042 0 1
0.000174355 0 1
0.00017367 0 1
0.000172988 0 1
0.000172308 0 1
0.000171632 0 1
0.000170957 0 1
0.000170286 0 1
0.000169617 0 1
0.00016895 0 1
0.000168286 0 1
0.000167625 0 1
0.000166966 0 1
0.00016631 0 1
0.000165657 0 1
0.000165006 0 1
0.000164357 0 1
0.000163711 0 1
0.000163067 0 1
0.000162426 0 1
0.000161788 0 1
0.000161152 0 1
0.000160518 0 1
0.000159887 0 1
0.000159258 0 1
0.000158632 0 1
0.000158008 0 1
0.000157387 0 1
0.000156767 0 1
0.000156151 0 1
0.000155537 0 1
0.000154925 0 1
0.000154315 0 1
0.000153708 0 1
0.000153103 0 1
0.000152501 0 1
0.000151901 0 1
0.000151303 0 1
0.000150707 0 1
0.000150114 0 1
0.000149523 0 1
0.000148935 0 1
0.000148349 0 1
0.000147765 0 1
0.000147183 0 1
0.000146603 0 1
0.000146026 0 1
0.000145451 0 1
0.000144878 0 1
0.000144308 0 1
0.00014374 0 1
0.000143174 0 1
0.00014261 0 1
0.000142048 0 1
0.000141488 0 1
0.000140931 0 1
0.000140376 0 1
0.000139823 0 1
0.000139272 0 1
0.000138723 0 1
0.000138176 0 1
0.000137632 0 1
0.00013709 0 1
0.000136549 0 1
0.000136011 0 1
0.000135475 0 1
0.000134941 0 1
0.000134409 0 1
0.000133879 0 1
0.000133351 0 1
0.000132826 0 1
0.000132302 0 1
0.00013178 0 1
0.000131261 0 1
0.000130743 0 1
0.000130227 0 1
0.000129714 0 1
0.000129202 0 1
0.000128693 0 1
0.000128185 0 1
0.000127679 0 1
0.000127176 0 1
0.000126674 0 1
0.000126174 0 1
0.000125676 0 1
0.00012518 0 1
0.000124686 0 1
0.000124194 0 1
0.000123704 0 1
0.000123216 0 1
0.00012273 0 1
0.000122245 0 1
0.000121763 0 1
0.000121282 0 1
0.000120803 0 1
0.000120326 0 1
0.000119851 0 1
0.000119378 0 1
0.000118906 0 1
0.000118437 0 1
0.000117969 0 1
0.000117503 0 1
0.000117039 0 1
0.000116577 0 1
0.000116116 0 1
0.000115658 0 1
0.000115201 0 1
0.000114746 0 1
0.000114292 0 1
0.000113841 0 1
0.000113391 0 1
0.000112943 0 1
0.000112497 0 1
0.000112052 0 1
0.000111609 0 1
0.000111168 0 1
0.000110729 0 1
0.000110291 0 1
0.000109855 0 1
0.000109421 0 1
0.000108988 0 1
0.000108557 0 1
0.000108128 0 1
0.0001077 0 1
0.000107275 0 1
0.00010685 0 1
0.000106428 0 1
0.000106007 0 1
0.000105588 0 1
0.00010517 0 1
0.000104754 0 1
0.00010434 0 1
0.000103927 0 1
0.000103516 0 1
0.000103106 0 1
0.000102698 0 1
0.000102292 0 1
0.000101887 0 1
0.000101484 0 1
0.000101082 0 1
0.000100682 0 1
0.000100284 0 1
0 0 1
0 0 1
0 0 1
0 0 1
0 0 1
0 0 1
0 0 1
0 0 1
0 0 1
0 0 1
0 0 1
0 0 1
0 0 1
0 0 1
0 0 1
0 0 1
0 0 1
0 0 1
0 0 1
0 0 1
0 0 1
0 0 1
0 0 1
0 0 1
0 0 1
0 0 1
0 0 1
0 0 1
0 0 1
0 0 1
0 0 1
0 0 1
0 0 1
0 0 1
0 0 1
0 0 1
0 0 1
0 0 1
0 0 1
0 0 1
0 0 1
0 0 1
0 0 1
0 0 1
0 0 1
0 0 1
0 0 1
0 0 1
0 0 1
0 0 1
0 0 1
0 0 1
0 0 1
0 0 1
0 0 1
0 0 1
0 0 1
0 0 1
0 0 1
0 0 1
0 0 1
0 0 1
0 0 1
0 0 1
0 0 1
0 0 1
0 0 1
0 0 1
0 0 1
0 0 1
0 0 1
0 0 1
0 0 1
0 0 1
0 0 1
0 0 1
0 0 1
0 0 1
0 0 1
0 0 1
0 0 1
0 0 1
0 0 1
0 0 1
0 0 1
0 0 1
0 0 1
0 0 1
0 0 1
0 0 1
0 0 1
0 0 1
0 0 1
0 0 1
0 0 1
0 0 1
0 0 1
0 0 1
0 0 1
0 0 1
0 0 1
0 0 1
0 0 1
0 0 1
0 0 1
0 0 1
0 0 1
0 0 1
0 0 1
0 0 1
0 0 1
0 0 1
0 0 1
0 0 1
0 0 1
0 0 1
0 0 1
0 0 1
0 0 1
0 0 1
0 0 1
0 0 1
0 0 1
0 0 1
0 0 1
0 0 1
0 0 1
0 0 1
0 0 1
0 0 1
0 0 1
0 0 1
0 0 1
0 0 1
0 0 1
0 0 1
0 0 1
0 0 1
0 0 1
0 0 1
0 0 1
0 0 1
0 0 1
0 0 1
0 0 1
0 0 1
0 0 1
0 0 1
0 0 1
0 0 1
0 0 1
0 0 1
0 0 1
0 0 1
0 0 1
0 0 1
0 0 1
0 0 1
0 0 1
0 0 1
0 0 1
0 0 1
0 0 1
0 0 1
0 0 1
0 0 1
0 0 1
0 0 1
0 0 1
0 0 1
0 0 1
0 0 1
0 0 1
0 0 1
0 0 1
0 0 1
0 0 1
0 0 1
0 0 1
0 0 1
0 0 1
0 0 1
0 0 1
0 0 1
0 0 1
0 0 1
0 0 1
0 0 1
0 0 1
0 0 1
0 0 1
0 0 1
0 0 1
0 0 1
0 0 1
0 0 1
0 0 1
0 0 1
0 0 1
0 0 1
0 0 1
0 0 1
0 0 1
0 0 1
0 0 1
0 0 1
0 0 1
0 0 1
0 0 1
0 0 1
0 0 1
0 0 1
0 0 1
0 0 1
0 0 1
0 0 1
0 0 1
0 0 1
0 0 1
0 0 1
0 0 1
0 0 1
0 0 1
0 0 1
0 0 1
0 0 1
0 0 1
0 0 1
0 0 1
0 0 1
0 0 1
0 0 1
0 0 1
0 0 1
0 0 1
0 0 1
0 0 1
0 0 1
0 0 1
0 0 1
0 0 1
0 0 1
0 0 1
0 0 1
0 0 1
0 0 1
0 0 1
0 0 1
0 0 1
0 0 1
0 0 1
0 0 1
0 0 1
0 0 1
0 0 1
0 0 1
0 0 1
0 0 1
0 0 1
0 0 1
0 0 1
0 0 1
0 0 1
0 0 1
0 0 1
0 0 1
0 0 1
0 0 1
0 0 1
0 0 1
0 0 1
0 0 1
0 0 1
0 0 1
0 0 1
0 0 1
0 0 1
0 0 1
0 0 1
0 0 1
0 0 1
0 0 1
0 0 1
0 0 1
0 0 1
0 0 1
0 0 1
0 0 1
0 0 1
0 0 1
0 0 1
0 0 1
0 0 1
0 0 1
0 0 1
0 0 1
0 0 1
0 0 1
0 0 1
0 0 1
0 0 1
0 0 1
0 0 1
0 0 1
0 0 1
0 0 1
0 0 1
0 0 1
0 0 1
0 0 1
0 0 1
0 0 1
0 0 1
0 0 1
0 0 1
0 0 1
0 0 1
0 0 1
0 0 1
0 0 1
0 0 1
0 0 1
0 0 1
0 0 1
0 0 1
0 0 1
0 0 1
0 0 1
0 0 1
0 0 1
0 0 1
0 0 1
0 0 1
0 0 1
0 0 1
0 0 1
0 0 1
0 0 1
0 0 1
0 0 1
0 0 1
0 0 1
0 0 1
0 0 1
0 0 1
0 0 1
0 0 1
0 0 1
0 0 1
0 0 1
0 0 1
0 0 1
0 0 1
0 0 1
0 0 1
0 0 1
0 0 1
0 0 1
0 0 1
0 0 1
0 0 1
0 0 1
0 0 1
0 0 1
0 0 1
0 0 1
0 0 1
0 0 1
0 0 1
0 0 1
0 0 1
0 0 1
0 0 1
0 0 1
0 0 1
0 0 1
0 0 1
0 0 1
0 0 1
0 0 1
0 0 1
0 0 1
0 0 1
0 0 1
0 0 1
0 0 1
0 0 1
0 0 1
0 0 1
0 0 1
0 0 1
0 0 1
0 0 1
0 0 1
0 0 1
0 0 1
0 0 1
0 0 1
0 0 1
0 0 1
0 0 1
0 0 1
0 0 1
0 0 1
0 0 1
0 0 1
0 0 1
0 0 1
0 0 1
0 0 1
0 0 1
0 0 1
0 0 1
0 0 1
0 0 1
0 0 1
0 0 1
0 0 1
0 0 1
0 0 1
0 0 1
0 0 1
0 0 1
0 0 1
0 0 1
0 0 1
0 0 1
0 0 1
0 0 1
0 0 1
0 0 1
0 0 1
0 0 1
0 0 1
0 0 1
0 0 1
0 0 1
0 0 1
0 0 1
0 0 1
0 0 1
0 0 1
0 0 1
0 0 1
0 0 1
0 0 1
0 0 1
0 0 1
0 0 1
0 0 1
0 0 1
0 0 1
0 0 1
0 0 1
0 0 1
0 0 1
0 0 1
0 0 1
0 0 1
0 0 1
0 0 1
0 0 1
0 0 1
0 0 1
0 0 1
0 0 1
0 0 1
0 0 1
0 0 1
0 0 1
0 0 1
0 0 1
0 0 1
0 0 1
0 0 1
0 0 1
0 0 1
0 0 1
0 0 1
0 0 1
0 0 1
0 0 1
0 0 1
0 0 1
0 0 1
0 0 1
0 0 1
0 0 1
0 0 1
0 0 1
0 0 1
0 0 1
0 0 1
0 0 1
0 0 1
0 0 1
0 0 1
0 0 1
0 0 1
0 0 1
0 0 1
0 0 1
0 0 1
0 0 1
0 0 1
0 0 1
0 0 1
0 0 1
0 0 1
0 0 1
0 0 1
0 0 1
0 0 1
0 0 1
0 0 1
0 0 1
0 0 1
0 0 1
0 0 1
0 0 1
0 0 1
0 0 1
0 0 1
0 0 1
0 0 1
0 0 1
0 0 1
0 0 1
0 0 1
0 0 1
0 0 1
0 0 1
0 0 1
0 0 1
0 0 1
0 0 1
0 0 1
0 0 1
0 0 1
0 0 1
0 0 1
0 0 1
0 0 1
0 0 1
0 0 1
0 0 1
0 0 1
0 0 1
0 0 1
0 0 1
0 0 1
0 0 1
0 0 1
0 0 1
0 0 1
0 0 1
0 0 1
0 0 1
0 0 1
0 0 1
0 0 1
0 0 1
0 0 1
0 0 1
0 0 1
0 0 1
0 0 1
0 0 1
0 0 1
0 0 1
0 0 1
0 0 1
0 0 1
0 0 1
0 0 1
0 0 1
0 0 1
0 0 1
0 0 1
0 0 1
0 0 1
0 0 1
0 0 1
0 0 1
0 0 1
0 0 1
0 0 1
0 0 1
0 0 1
0 0 1
0 0 1
0 0 1
0 0 1
0 0 1
0 0 1
0 0 1
0 0 1
0 0 1
0 0 1
0 0 1
0 0 1
0 0 1
0 0 1
0 0 1
0 0 1
0 0 1
0 0 1
0 0 1
0 0 1
0 0 1
0 0 1
0 0 1
0 0 1
0 0 1
0 0 1
0 0 1
0 0 1
0 0 1
0 0 1
0 0 1
0 0 1
0 0 1
0 0 1
0 0 1
0 0 1
0 0 1
0 0 1
0 0 1
0 0 1
0 0 1
0 0 1
0 0 1
0 0 1
0 0 1
0 0 1
0 0 1
0 0 1
0 0 1
0 0 1
0 0 1
0 0 1
0 0 1
0 0 1
0 0 1
0 0 1
0 0 1
0 0 1
0 0 1
0 0 1
0 0 1
0 0 1
0 0 1
0 0 1
0 0 1
0 0 1
0 0 1
0 0 1
0 0 1
0 0 1
0 0 1
0 0 1
0 0 1
0 0 1
0 0 1
0 0 1
0 0 1
0 0 1
0 0 1
0 0 1
0 0 1
0 0 1
0 0 1
0 0 1
0 0 1
0 0 1
0 0 1
0 0 1
0 0 1
0 0 1
0 0 1
0 0 1
0 0 1
0 0 1
0 0 1
0 0 1
0 0 1
0 0 1
0 0 1
0 0 1
0 0 1
0 0 1
0 0 1
0 0 1
0 0 1
0 0 1
0 0 1
0 0 1
0 0 1
0 0 1
0 0 1
0 0 1
0 0 1
0 0 1
0 0 1
0 0 1
0 0 1
0 0 1
0 0 1
0 0 1
0 0 1
0 0 1
0 0 1
0 0 1
0 0 1
0 0 1
0 0 1
0 0 1
0 0 1
0 0 1
0 0 1
0 0 1
0 0 1
0 0 1
0 0 1
0 0 1
0 0 1
0 0 1
0 0 1
0 0 1
0 0 1
0 0 1
0 0 1
0 0 1
0 0 1
0 0 1
0 0 1
0 0 1
0 0 1
0 0 1
0 0 1
0 0 1
0 0 1
0 0 1
0 0 1
0 0 1
0 0 1
0 0 1
0 0 1
0 0 1
0 0 1
0 0 1
0 0 1
0 0 1
0 0 1
0 0 1
0 0 1
0 0 1
0 0 1
0 0 1
0 0 1
0 0 1
0 0 1
0 0 1
0 0 1
0 0 1
0 0 1
0 0 1
0 0 1
0 0 1
0 0 1
0 0 1
0 0 1
0 0 1
0 0 1
0 0 1
0 0 1
0 0 1
0 0 1
0 0 1
0 0 1
0 0 1
0 0 1
0 0 1
0 0 1
0 0 1
0 0 1
0 0 1
0 0 1
0 0 1
0 0 1
0 0 1
0 0 1
0 0 1
0 0 1
0 0 1
0 0 1
0 0 1
0 0 1
0 0 1
0 0 1
0 0 1
0 0 1
0 0 1
0 0 1
0 0 1
0 0 1
0 0 1
0 0 1
0 0 1
0 0 1
0 0 1
0 0 1
0 0 1
0 0 1
0 0 1
0 0 1
0 0 1
0 0 1
0 0 1
0 0 1
0 0 1
0 0 1
0 0 1
0 0 1
0 0 1
0 0 1
0 0 1
0 0 1
0 0 1
0 0 1
0 0 1
0 0 1
0 0 1
0 0 1
0 0 1
0 0 1
0 0 1
0 0 1
0 0 1
0 0 1
0 0 1
0 0 1
0 0 1
0 0 1
0 0 1
0 0 1
0 0 1
0 0 1
0 0 1
0 0 1
0 0 1
0 0 1
0 0 1
0 0 1
0 0 1
0 0 1
0 0 1
0 0 1
0 0 1
0 0 1
0 0 1
0 0 1
0 0 1
0 0 1
0 0 1
0 0 1
0 0 1
0 0 1
0 0 1
0 0 1
0 0 1
0 0 1
0 0 1
0 0 1
0 0 1
0 0 1
0 0 1
0 0 1
0 0 1
0 0 1
0 0 1
0 0 1
0 0 1
0 0 1
0 0 1
0 0 1
0 0 1
0 0 1
0 0 1
0 0 1
0 0 1
0 0 1
0 0 1
0 0 1
0 0 1
0 0 1
0 0 1
0 0 1
0 0 1
0 0 1
0 0 1
0 0 1
0 0 1
0 0 1
0 0 1
0 0 1
0 0 1
0 0 1
0 0 1
0 0 1
0 0 1
0 0 1
0 0 1
0 0 1
0 0 1
0 0 1
0 0 1
0 0 1
0 0 1
0 0 1
0 0 1
0 0 1
0 0 1
0 0 1
0 0 1
0 0 1
0 0 1
0 0 1
0 0 1
0 0 1
0 0 1
0 0 1
0 0 1
0 0 1
0 0 1
0 0 1
0 0 1
0 0 1
0 0 1
0 0 1
0 0 1
0 0 1
0 0 1
0 0 1
0 0 1
0 0 1
0 0 1
0 0 1
0 0 1
0 0 1
0 0 1
0 0 1
0 0 1
0 0 1
0 0 1
0 0 1
0 0 1
0 0 1
0 0 1
0 0 1
0 0 1
0 0 1
0 0 1
0 0 1
0 0 1
0 0 1
0 0 1
0 0 1
0 0 1
0 0 1
0 0 1
0 0 1
0 0 1
0 0 1
0 0 1
0 0 1
0 0 1
0 0 1
0 0 1
0 0 1
0 0 1
0 0 1
0 0 1
0 0 1
0 0 1
0 0 1
0 0 1
0 0 1
0 0 1
0 0 1
0 0 1
0 0 1
0 0 1
0 0 1
0 0 1
0 0 1
0 0 1
0 0 1
0 0 1
0 0 1
0 0 1
0 0 1
0 0 1
0 0 1
0 0 1
0 0 1
0 0 1
0 0 1
0 0 1
0 0 1
0 0 1
0 0 1
0 0 1
0 0 1
0 0 1
0 0 1
0 0 1
0 0 1
0 0 1
0 0 1
0 0 1
0 0 1
0 0 1
0 0 1
0 0 1
0 0 1
0 0 1
0 0 1
0 0 1
0 0 1
0 0 1
0 0 1
0 0 1
0 0 1
0 0 1
0 0 1
0 0 1
0 0 1
0 0 1
0 0 1
0 0 1
0 0 1
0 0 1
0 0 1
0 0 1
0 0 1
0 0 1
0 0 1
0 0 1
0 0 1
0 0 1
0 0 1
0 0 1
0 0 1
0 0 1
0 0 1
0 0 1
0 0 1
0 0 1
0 0 1
0 0 1
0 0 1
0 0 1
0 0 1
0 0 1
0 0 1
0 0 1
0 0 1
0 0 1
0 0 1
0 0 1
0 0 1
0 0 1
0 0 1
0 0 1
0 0 1
0 0 1
0 0 1
0 0 1
0 0 1
0 0 1
0 0 1
0 0 1
0 0 1
0 0 1
0 0 1
0 0 1
0 0 1
0 0 1
0 0 1
0 0 1
0 0 1
0 0 1
0 0 1
0 0 1
0 0 1
0 0 1
0 0 1
0 0 1
0 0 1
0 0 1
0 0 1
0 0 1
0 0 1
0 0 1
0 0 1
0 0 1
0 0 1
0 0 1
0 0 1
0 0 1
0 0 1
0 0 1
0 0 1
0 0 1
0 0 1
0 0 1
0 0 1
0 0 1
0 0 1
0 0 1
0 0 1
0 0 1
0 0 1
0 0 1
0 0 1
0 0 1
0 0 1
0 0 1
0 0 1
0 0 1
0 0 1
0 0 1
0 0 1
0 0 1
0 0 1
0 0 1
0 0 1
0 0 1
0 0 1
0 0 1
0 0 1
0 0 1
0 0 1
0 0 1
0 0 1
0 0 1
0 0 1
0 0 1
0 0 1
0 0 1
0 0 1
0 0 1
0 0 1
0 0 1
0 0 1
0 0 1
0 0 1
0 0 1
0 0 1
0 0 1
0 0 1
0 0 1
0 0 1
0 0 1
0 0 1
0 0 1
0 0 1
0 0 1
0 0 1
0 0 1
0 0 1
0 0 1
0 0 1
0 0 1
0 0 1
0 0 1
0 0 1
0 0 1
0 0 1
0 0 1
0 0 1
0 0 1
0 0 1
0 0 1
0 0 1
0 0 1
0 0 1
0 0 1
0 0 1
0 0 1
0 0 1
0 0 1
0 0 1
0 0 1
0 0 1
0 0 1
0 0 1
0 0 1
0 0 1
0 0 1
0 0 1
0 0 1
0 0 1
0 0 1
0 0 1
0 0 1
0 0 1
0 0 1
0 0 1
0 0 1
0 0 1
0 0 1
0 0 1
0 0 1
0 0 1
0 0 1
0 0 1
0 0 1
0 0 1
0 0 1
0 0 1
0 0 1
0 0 1
0 0 1
0 0 1
0 0 1
0 0 1
0 0 1
0 0 1
0 0 1
0 0 1
0 0 1
0 0 1
0 0 1
0 0 1
0 0 1
0 0 1
0 0 1
0 0 1
0 0 1
0 0 1
0 0 1
0 0 1
0 0 1
0 0 1
0 0 1
0 0 1
0 0 1
0 0 1
0 0 1
0 0 1
0 0 1
0 0 1
0 0 1
0 0 1
0 0 1
0 0 1
0 0 1
0 0 1
0 0 1
0 0 1
0 0 1
0 0 1
0 0 1
0 0 1
0 0 1
0 0 1
0 0 1
0 0 1
0 0 1
0 0 1
0 0 1
0 0 1
0 0 1
0 0 1
0 0 1
0 0 1
0 0 1
0 0 1
0 0 1
0 0 1
0 0 1
0 0 1
0 0 1
0 0 1
0 0 1
0 0 1
0 0 1
0 0 1
0 0 1
0 0 1
0 0 1
0 0 1
0 0 1
0 0 1
0 0 1
0 0 1
0 0 1
0 0 1
0 0 1
0 0 1
0 0 1
0 0 1
0 0 1
0 0 1
0 0 1
0 0 1
0 0 1
0 0 1
0 0 1
0 0 1
0 0 1
0 0 1
0 0 1
0 0 1
0 0 1
0 0 1
0 0 1
0 0 1
0 0 1
0 0 1
0 0 1
0 0 1
0 0 1
0 0 1
0 0 1
0 0 1
0 0 1
0 0 1
0 0 1
0 0 1
0 0 1
0 0 1
0 0 1
0 0 1
0 0 1
0 0 1
0 0 1
0 0 1
0 0 1
0 0 1
0 0 1
0 0 1
0 0 1
0 0 1
0 0 1
0 0 1
0 0 1
0 0 1
0 0 1
0 0 1
0 0 1
0 0 1
0 0 1
0 0 1
0 0 1
0 0 1
0 0 1
0 0 1
0 0 1
0 0 1
0 0 1
0 0 1
0 0 1
0 0 1
0 0 1
0 0 1
0 0 1
0 0 1
0 0 1
0 0 1
0 0 1
0 0 1
0 0 1
0 0 1
0 0 1
0 0 1
0 0 1
0 0 1
0 0 1
0 0 1
0 0 1
0 0 1
0 0 1
0 0 1
0 0 1
0 0 1
0 0 1
0 0 1
0 0 1
0 0 1
0 0 1
0 0 1
0 0 1
0 0 1
0 0 1
0 0 1
0 0 1
0 0 1
0 0 1
0 0 1
0 0 1
0 0 1
