0 3 18 175
1 3 18 0
0 3 23 176
1 3 23 1
0 3 24 177
1 3 24 2
0 3 25 178
1 3 25 3
0 3 26 179
1 3 26 4
0 3 30 180
1 3 30 5
0 3 31 181
1 3 31 6
0 3 32 182
1 3 32 7
0 0 19 183
1 0 19 8
0 0 20 184
1 0 20 9
0 0 21 185
1 0 21 10
0 0 23 186
1 0 23 11
0 0 27 187
1 0 27 12
0 0 28 188
1 0 28 13
0 0 29 189
1 0 29 14
0 0 30 190
1 0 30 15
0 0 34 191
1 0 34 16
0 3 14 192
1 3 14 17
0 3 15 193
1 3 15 18
0 3 16 194
1 3 16 19
0 3 17 195
1 3 17 20
0 3 21 196
1 3 21 21
0 3 27 197
1 3 27 22
0 3 33 198
1 3 33 23
0 3 34 199
1 3 34 24
0 3 35 200
1 3 35 25
0 0 13 201
1 0 13 26
0 0 16 202
1 0 16 27
0 0 17 203
1 0 17 28
0 0 18 204
1 0 18 29
0 0 26 205
1 0 26 30
0 0 31 206
1 0 31 31
0 0 35 207
1 0 35 32
0 0 36 208
1 0 36 33
0 0 37 209
1 0 37 34
0 0 38 210
1 0 38 35
0 3 6 211
1 3 6 36
0 3 7 212
1 3 7 37
0 3 8 213
1 3 8 38
0 3 10 214
1 3 10 39
0 3 12 215
1 3 12 40
0 3 13 216
1 3 13 41
0 3 20 217
1 3 20 42
0 3 28 218
1 3 28 43
0 3 36 219
1 3 36 44
0 3 37 220
1 3 37 45
0 3 39 221
1 3 39 46
0 0 9 222
1 0 9 47
0 0 10 223
1 0 10 48
0 0 12 224
1 0 12 49
0 0 15 225
1 0 15 50
0 0 25 226
1 0 25 51
0 0 32 227
1 0 32 52
0 0 39 228
1 0 39 53
0 0 40 229
1 0 40 54
0 0 41 230
1 0 41 55
0 0 43 231
1 0 43 56
0 0 44 232
1 0 44 57
0 0 46 233
1 0 46 58
0 3 5 234
1 3 5 59
0 3 4 235
1 3 4 60
0 3 3 236
1 3 3 61
0 3 2 237
1 3 2 62
0 3 1 238
1 3 1 63
0 3 0 239
1 3 0 64
0 3 9 240
1 3 9 65
0 3 19 241
1 3 19 66
0 3 29 242
1 3 29 67
0 3 38 243
1 3 38 68
0 3 48 244
1 3 48 69
0 3 49 245
1 3 49 70
0 0 3 246
1 0 3 71
0 0 2 247
1 0 2 72
0 0 4 248
1 0 4 73
0 0 14 249
1 0 14 74
0 0 24 250
1 0 24 75
0 0 33 251
1 0 33 76
0 0 42 252
1 0 42 77
0 0 52 253
1 0 52 78
0 0 51 254
1 0 51 79
0 0 50 255
1 0 50 80
0 0 49 256
1 0 49 81
0 0 48 257
1 0 48 82
0 0 47 258
1 0 47 83
0 2 6 259
1 2 6 84
0 2 5 260
1 2 5 85
0 2 4 261
1 2 4 86
0 2 3 262
1 2 3 87
0 2 2 263
1 2 2 88
0 2 1 264
1 2 1 89
0 2 0 265
1 2 0 90
0 2 9 266
1 2 9 91
0 2 19 267
1 2 19 92
0 2 29 268
1 2 29 93
0 2 38 269
1 2 38 94
0 2 48 270
1 2 48 95
0 2 50 271
1 2 50 96
0 1 0 272
1 1 0 97
0 1 1 273
1 1 1 98
0 1 4 274
1 1 4 99
0 1 14 275
1 1 14 100
0 1 24 276
1 1 24 101
0 1 33 277
1 1 33 102
0 1 42 278
1 1 42 103
0 1 52 279
1 1 52 104
0 1 51 280
1 1 51 105
0 1 50 281
1 1 50 106
0 1 49 282
1 1 49 107
0 1 48 283
1 1 48 108
0 1 47 284
1 1 47 109
0 1 46 285
1 1 46 110
0 2 7 286
1 2 7 111
0 2 8 287
1 2 8 112
0 2 10 288
1 2 10 113
0 2 12 289
1 2 12 114
0 2 13 290
1 2 13 115
0 2 14 291
1 2 14 116
0 2 15 292
1 2 15 117
0 2 16 293
1 2 16 118
0 2 17 294
1 2 17 119
0 2 18 295
1 2 18 120
0 2 30 296
1 2 30 121
0 2 36 297
1 2 36 122
0 2 39 298
1 2 39 123
0 2 47 299
1 2 47 124
0 2 49 300
1 2 49 125
0 1 2 301
1 1 2 126
0 1 3 302
1 1 3 127
0 1 5 303
1 1 5 128
0 1 13 304
1 1 13 129
0 1 23 305
1 1 23 130
0 1 32 306
1 1 32 131
0 1 34 307
1 1 34 132
0 1 35 308
1 1 35 133
0 1 36 309
1 1 36 134
0 1 37 310
1 1 37 135
0 1 38 311
1 1 38 136
0 1 39 312
1 1 39 137
0 1 40 313
1 1 40 138
0 1 41 314
1 1 41 139
0 1 43 315
1 1 43 140
0 1 44 316
1 1 44 141
0 2 20 317
1 2 20 142
0 2 21 318
1 2 21 143
0 2 23 319
1 2 23 144
0 2 24 320
1 2 24 145
0 2 25 321
1 2 25 146
0 2 26 322
1 2 26 147
0 2 27 323
1 2 27 148
0 2 28 324
1 2 28 149
0 2 31 325
1 2 31 150
0 2 32 326
1 2 32 151
0 2 33 327
1 2 33 152
0 2 34 328
1 2 34 153
0 2 35 329
1 2 35 154
0 2 37 330
1 2 37 155
0 2 40 331
1 2 40 156
0 2 41 332
1 2 41 157
0 1 9 333
1 1 9 158
0 1 10 334
1 1 10 159
0 1 12 335
1 1 12 160
0 1 15 336
1 1 15 161
0 1 16 337
1 1 16 162
0 1 17 338
1 1 17 163
0 1 18 339
1 1 18 164
0 1 19 340
1 1 19 165
0 1 20 341
1 1 20 166
0 1 21 342
1 1 21 167
0 1 25 343
1 1 25 168
0 1 26 344
1 1 26 169
0 1 27 345
1 1 27 170
0 1 28 346
1 1 28 171
0 1 29 347
1 1 29 172
0 1 30 348
1 1 30 173
0 1 31 349
1 1 31 174
2 3 19 707
4 3 19 350
2 3 20 708
4 3 20 351
2 3 25 709
4 3 25 352
2 3 26 710
4 3 26 353
2 3 27 711
4 3 27 354
2 3 28 712
4 3 28 355
2 3 32 713
4 3 32 356
2 3 33 714
4 3 33 357
2 3 34 715
4 3 34 358
2 3 38 716
4 3 38 359
2 3 39 717
4 3 39 360
2 0 9 718
4 0 9 361
2 0 10 719
4 0 10 362
2 0 12 720
4 0 12 363
2 0 13 721
4 0 13 364
2 0 17 722
4 0 17 365
2 0 18 723
4 0 18 366
2 0 19 724
4 0 19 367
2 0 24 725
4 0 24 368
2 0 25 726
4 0 25 369
2 0 26 727
4 0 26 370
2 3 10 728
4 3 10 371
2 3 12 729
4 3 12 372
2 3 16 730
4 3 16 373
2 3 17 731
4 3 17 374
2 3 18 732
4 3 18 375
2 3 21 733
4 3 21 376
2 3 29 734
4 3 29 377
2 3 35 735
4 3 35 378
2 3 40 736
4 3 40 379
2 3 41 737
4 3 41 380
2 3 42 738
4 3 42 381
2 3 46 739
4 3 46 382
2 0 4 740
4 0 4 383
2 0 5 741
4 0 5 384
2 0 6 742
4 0 6 385
2 0 16 743
4 0 16 386
2 0 20 744
4 0 20 387
2 0 27 745
4 0 27 388
2 0 28 746
4 0 28 389
2 0 31 747
4 0 31 390
2 0 32 748
4 0 32 391
2 0 33 749
4 0 33 392
2 0 34 750
4 0 34 393
2 3 5 751
4 3 5 394
2 3 6 752
4 3 6 395
2 3 8 753
4 3 8 396
2 3 9 754
4 3 9 397
2 3 13 755
4 3 13 398
2 3 14 756
4 3 14 399
2 3 24 757
4 3 24 400
2 3 31 758
4 3 31 401
2 3 36 759
4 3 36 402
2 3 43 760
4 3 43 403
2 3 47 761
4 3 47 404
2 3 48 762
4 3 48 405
2 3 49 763
4 3 49 406
2 0 2 764
4 0 2 407
2 0 3 765
4 0 3 408
2 0 8 766
4 0 8 409
2 0 14 767
4 0 14 410
2 0 21 768
4 0 21 411
2 0 29 769
4 0 29 412
2 0 35 770
4 0 35 413
2 0 36 771
4 0 36 414
2 0 41 772
4 0 41 415
2 0 40 773
4 0 40 416
2 0 39 774
4 0 39 417
2 0 38 775
4 0 38 418
2 3 4 776
4 3 4 419
2 3 3 777
4 3 3 420
2 3 2 778
4 3 2 421
2 3 1 779
4 3 1 422
2 3 0 780
4 3 0 423
2 3 7 781
4 3 7 424
2 3 15 782
4 3 15 425
2 3 23 783
4 3 23 426
2 3 30 784
4 3 30 427
2 3 37 785
4 3 37 428
2 3 44 786
4 3 44 429
2 3 52 787
4 3 52 430
2 3 51 788
4 3 51 431
2 3 50 789
4 3 50 432
2 0 1 790
4 0 1 433
2 0 0 791
4 0 0 434
2 0 7 792
4 0 7 435
2 0 15 793
4 0 15 436
2 0 23 794
4 0 23 437
2 0 30 795
4 0 30 438
2 0 37 796
4 0 37 439
2 0 44 797
4 0 44 440
2 0 52 798
4 0 52 441
2 0 47 799
4 0 47 442
2 0 46 800
4 0 46 443
2 0 43 801
4 0 43 444
2 0 42 802
4 0 42 445
2 2 5 803
4 2 5 446
2 2 4 804
4 2 4 447
2 2 3 805
4 2 3 448
2 2 2 806
4 2 2 449
2 2 1 807
4 2 1 450
2 2 0 808
4 2 0 451
2 2 7 809
4 2 7 452
2 2 15 810
4 2 15 453
2 2 23 811
4 2 23 454
2 2 30 812
4 2 30 455
2 2 37 813
4 2 37 456
2 2 44 814
4 2 44 457
2 2 52 815
4 2 52 458
2 2 51 816
4 2 51 459
2 2 50 817
4 2 50 460
2 1 1 818
4 1 1 461
2 1 0 819
4 1 0 462
2 1 7 820
4 1 7 463
2 1 15 821
4 1 15 464
2 1 23 822
4 1 23 465
2 1 30 823
4 1 30 466
2 1 37 824
4 1 37 467
2 1 44 825
4 1 44 468
2 1 52 826
4 1 52 469
2 1 48 827
4 1 48 470
2 1 47 828
4 1 47 471
2 1 46 829
4 1 46 472
2 1 43 830
4 1 43 473
2 1 42 831
4 1 42 474
2 2 18 832
4 2 18 475
2 2 16 833
4 2 16 476
2 2 14 834
4 2 14 477
2 2 13 835
4 2 13 478
2 2 10 836
4 2 10 479
2 2 9 837
4 2 9 480
2 2 8 838
4 2 8 481
2 2 6 839
4 2 6 482
2 2 12 840
4 2 12 483
2 2 17 841
4 2 17 484
2 2 24 842
4 2 24 485
2 2 29 843
4 2 29 486
2 2 36 844
4 2 36 487
2 2 46 845
4 2 46 488
2 2 49 846
4 2 49 489
2 2 48 847
4 2 48 490
2 2 47 848
4 2 47 491
2 1 3 849
4 1 3 492
2 1 2 850
4 1 2 493
2 1 8 851
4 1 8 494
2 1 14 852
4 1 14 495
2 1 21 853
4 1 21 496
2 1 29 854
4 1 29 497
2 1 36 855
4 1 36 498
2 1 35 856
4 1 35 499
2 1 34 857
4 1 34 500
2 1 33 858
4 1 33 501
2 1 32 859
4 1 32 502
2 1 31 860
4 1 31 503
2 1 38 861
4 1 38 504
2 1 39 862
4 1 39 505
2 1 40 863
4 1 40 506
2 1 41 864
4 1 41 507
2 2 19 865
4 2 19 508
2 2 20 866
4 2 20 509
2 2 21 867
4 2 21 510
2 2 25 868
4 2 25 511
2 2 26 869
4 2 26 512
2 2 27 870
4 2 27 513
2 2 28 871
4 2 28 514
2 2 31 872
4 2 31 515
2 2 32 873
4 2 32 516
2 2 33 874
4 2 33 517
2 2 34 875
4 2 34 518
2 2 35 876
4 2 35 519
2 2 38 877
4 2 38 520
2 2 39 878
4 2 39 521
2 2 40 879
4 2 40 522
2 2 41 880
4 2 41 523
2 2 42 881
4 2 42 524
2 2 43 882
4 2 43 525
2 1 4 883
4 1 4 526
2 1 5 884
4 1 5 527
2 1 6 885
4 1 6 528
2 1 9 886
4 1 9 529
2 1 10 887
4 1 10 530
2 1 12 888
4 1 12 531
2 1 13 889
4 1 13 532
2 1 16 890
4 1 16 533
2 1 17 891
4 1 17 534
2 1 18 892
4 1 18 535
2 1 19 893
4 1 19 536
2 1 20 894
4 1 20 537
2 1 24 895
4 1 24 538
2 1 25 896
4 1 25 539
2 1 26 897
4 1 26 540
2 1 27 898
4 1 27 541
2 1 28 899
4 1 28 542
3 3 28 900
5 3 28 543
3 3 27 901
5 3 27 544
3 3 26 902
5 3 26 545
3 3 25 903
5 3 25 546
3 3 21 904
5 3 21 547
3 3 20 905
5 3 20 548
3 3 19 906
5 3 19 549
3 3 18 907
5 3 18 550
3 3 17 908
5 3 17 551
3 3 14 909
5 3 14 552
3 3 13 910
5 3 13 553
3 3 16 911
5 3 16 554
3 3 24 912
5 3 24 555
3 3 32 913
5 3 32 556
3 3 38 914
5 3 38 557
3 3 46 915
5 3 46 558
3 3 47 916
5 3 47 559
3 3 48 917
5 3 48 560
3 3 49 918
5 3 49 561
3 0 2 919
5 0 2 562
3 0 3 920
5 0 3 563
3 0 8 921
5 0 8 564
3 0 16 922
5 0 16 565
3 0 21 923
5 0 21 566
3 0 25 924
5 0 25 567
3 0 31 925
5 0 31 568
3 0 36 926
5 0 36 569
3 0 39 927
5 0 39 570
3 0 38 928
5 0 38 571
3 0 35 929
5 0 35 572
3 0 34 930
5 0 34 573
3 0 33 931
5 0 33 574
3 0 32 932
5 0 32 575
3 0 29 933
5 0 29 576
3 0 28 934
5 0 28 577
3 0 27 935
5 0 27 578
3 0 26 936
5 0 26 579
3 3 12 937
5 3 12 580
3 3 10 938
5 3 10 581
3 3 9 939
5 3 9 582
3 3 8 940
5 3 8 583
3 3 6 941
5 3 6 584
3 3 5 942
5 3 5 585
3 3 4 943
5 3 4 586
3 3 3 944
5 3 3 587
3 3 2 945
5 3 2 588
3 3 1 946
5 3 1 589
3 3 0 947
5 3 0 590
3 3 7 948
5 3 7 591
3 3 15 949
5 3 15 592
3 3 23 950
5 3 23 593
3 3 31 951
5 3 31 594
3 3 37 952
5 3 37 595
3 3 44 953
5 3 44 596
3 3 52 954
5 3 52 597
3 3 51 955
5 3 51 598
3 3 50 956
5 3 50 599
3 0 1 957
5 0 1 600
3 0 0 958
5 0 0 601
3 0 7 959
5 0 7 602
3 0 15 960
5 0 15 603
3 0 23 961
5 0 23 604
3 0 30 962
5 0 30 605
3 0 37 963
5 0 37 606
3 0 44 964
5 0 44 607
3 0 52 965
5 0 52 608
3 0 51 966
5 0 51 609
3 0 50 967
5 0 50 610
3 0 49 968
5 0 49 611
3 0 48 969
5 0 48 612
3 0 47 970
5 0 47 613
3 0 46 971
5 0 46 614
3 0 43 972
5 0 43 615
3 0 42 973
5 0 42 616
3 0 41 974
5 0 41 617
3 0 40 975
5 0 40 618
3 2 14 976
5 2 14 619
3 2 13 977
5 2 13 620
3 2 12 978
5 2 12 621
3 2 10 979
5 2 10 622
3 2 9 980
5 2 9 623
3 2 8 981
5 2 8 624
3 2 6 982
5 2 6 625
3 2 5 983
5 2 5 626
3 2 4 984
5 2 4 627
3 2 3 985
5 2 3 628
3 2 2 986
5 2 2 629
3 2 1 987
5 2 1 630
3 2 0 988
5 2 0 631
3 2 7 989
5 2 7 632
3 2 15 990
5 2 15 633
3 2 23 991
5 2 23 634
3 2 30 992
5 2 30 635
3 2 37 993
5 2 37 636
3 2 44 994
5 2 44 637
3 2 52 995
5 2 52 638
3 2 51 996
5 2 51 639
3 2 50 997
5 2 50 640
3 1 1 998
5 1 1 641
3 1 0 999
5 1 0 642
3 1 7 1000
5 1 7 643
3 1 15 1001
5 1 15 644
3 1 23 1002
5 1 23 645
3 1 30 1003
5 1 30 646
3 1 37 1004
5 1 37 647
3 1 44 1005
5 1 44 648
3 1 52 1006
5 1 52 649
3 1 51 1007
5 1 51 650
3 1 50 1008
5 1 50 651
3 1 49 1009
5 1 49 652
3 1 48 1010
5 1 48 653
3 1 47 1011
5 1 47 654
3 1 46 1012
5 1 46 655
3 1 43 1013
5 1 43 656
3 1 42 1014
5 1 42 657
3 1 41 1015
5 1 41 658
3 1 40 1016
5 1 40 659
3 1 39 1017
5 1 39 660
3 1 38 1018
5 1 38 661
3 2 16 1019
5 2 16 662
3 2 17 1020
5 2 17 663
3 2 18 1021
5 2 18 664
3 2 19 1022
5 2 19 665
3 2 20 1023
5 2 20 666
3 2 21 1024
5 2 21 667
3 2 24 1025
5 2 24 668
3 2 25 1026
5 2 25 669
3 2 26 1027
5 2 26 670
3 2 35 1028
5 2 35 671
3 2 33 1029
5 2 33 672
3 2 32 1030
5 2 32 673
3 2 31 1031
5 2 31 674
3 2 29 1032
5 2 29 675
3 2 27 1033
5 2 27 676
3 2 28 1034
5 2 28 677
3 2 34 1035
5 2 34 678
3 2 36 1036
5 2 36 679
3 2 38 1037
5 2 38 680
3 2 39 1038
5 2 39 681
3 2 40 1039
5 2 40 682
3 2 41 1040
5 2 41 683
3 2 42 1041
5 2 42 684
3 1 2 1042
5 1 2 685
3 1 3 1043
5 1 3 686
3 1 8 1044
5 1 8 687
3 1 14 1045
5 1 14 688
3 1 16 1046
5 1 16 689
3 1 17 1047
5 1 17 690
3 1 21 1048
5 1 21 691
3 1 26 1049
5 1 26 692
3 1 25 1050
5 1 25 693
3 1 24 1051
5 1 24 694
3 1 20 1052
5 1 20 695
3 1 19 1053
5 1 19 696
3 1 18 1054
5 1 18 697
3 1 27 1055
5 1 27 698
3 1 28 1056
5 1 28 699
3 1 29 1057
5 1 29 700
3 1 31 1058
5 1 31 701
3 1 32 1059
5 1 32 702
3 1 33 1060
5 1 33 703
3 1 34 1061
5 1 34 704
3 1 35 1062
5 1 35 705
3 1 36 1063
5 1 36 706
